time	mcs	nss	bw	rssi	throughput_monitor	datarate	pktlost_ack	nbpkt_monitor	retry	nbpkt_ack	pktlost_seq_initial	pktlost_seq_new	bad_fcs	distance	antenna	LoS
8.100079	8.06667	3.0	80.0	-53.0267	2218890.0	1178.67	19.0	75.0	2.0	1164.0	59.0	2284.0	75.0	7	fan	1
8.200456	8.03738	3.0	80.0	-53.0748	3185800.0	1174.86	22.0	107.0	5.0	1215.0	82.0	8788.0	107.0	7	fan	1
8.300457	8.13043	3.0	80.0	-53.1594	2064800.0	1186.96	15.0	69.0	10.0	1231.0	49.0	1941.0	69.0	7	fan	1
8.400673	8.16667	3.0	80.0	-52.9444	1069340.0	1191.67	21.0	36.0	0.0	1137.0	32.0	4855.0	36.0	7	fan	1
8.500903	8.18182	3.0	80.0	-53.1136	1286750.0	1193.64	16.0	44.0	2.0	1186.0	37.0	4050.0	44.0	7	fan	1
8.601265	8.1875	3.0	80.0	-53.0208	1438450.0	1194.38	14.0	48.0	6.0	1181.0	38.0	2810.0	48.0	7	fan	1
8.701710	8.78947	3.0	80.0	-53.1579	587446.0	1272.63	24.0	19.0	5.0	1220.0	14.0	4189.0	19.0	7	fan	1
8.801797	8.32432	3.0	80.0	-53.2162	1116570.0	1212.16	20.0	37.0	2.0	1216.0	33.0	3023.0	37.0	7	fan	1
8.903194	8.07273	3.0	80.0	-53.2182	1622820.0	1179.45	18.0	55.0	3.0	1193.0	49.0	3246.0	55.0	7	fan	1
9.004340	8.36957	3.0	80.0	-53.1739	1381020.0	1218.04	18.0	46.0	7.0	1224.0	36.0	7258.0	46.0	7	fan	1
9.105134	8.02247	3.0	80.0	-53.191	2633680.0	1172.92	22.0	89.0	3.0	1190.0	72.0	4584.0	89.0	7	fan	1
9.205643	8.04	3.0	80.0	-53.144	3603390.0	1175.2	18.0	125.0	3.0	1206.0	101.0	8051.0	125.0	7	fan	1
9.305644	8.00617	3.0	80.0	-53.2037	4843990.0	1170.8	12.0	162.0	3.0	1190.0	138.0	10028.0	162.0	7	fan	1
9.405993	8.0	3.0	80.0	-53.1329	5211930.0	1170.0	2.0	173.0	6.0	1087.0	131.0	9287.0	173.0	7	fan	1
9.506855	8.0	3.0	80.0	-53.1053	6082910.0	1170.0	7.0	209.0	3.0	1222.0	167.0	9254.0	209.0	7	fan	1
9.608049	8.2069	3.0	80.0	-53.0172	1688130.0	1196.9	11.0	58.0	5.0	1198.0	40.0	3021.0	58.0	7	fan	1
9.708051	8.18182	3.0	80.0	-53.25	1303980.0	1193.64	28.0	44.0	4.0	1229.0	37.0	7969.0	44.0	7	fan	1
9.808566	8.03191	3.0	80.0	-53.1489	2736040.0	1174.15	10.0	94.0	3.0	1180.0	76.0	4079.0	94.0	7	fan	1
9.908860	8.0069	3.0	80.0	-53.0414	4183240.0	1170.9	16.0	145.0	8.0	1247.0	115.0	4956.0	145.0	7	fan	1
10.009919	8.33333	3.0	80.0	-53.2	1351910.0	1213.33	13.0	45.0	5.0	1163.0	35.0	5372.0	45.0	7	fan	1
10.110659	8.07937	3.0	80.0	-53.127	1819920.0	1180.32	17.0	63.0	4.0	1196.0	53.0	7522.0	63.0	7	fan	1
10.211129	8.14035	3.0	80.0	-53.0175	1729610.0	1188.25	25.0	57.0	3.0	1207.0	49.0	3155.0	57.0	7	fan	1
10.312270	8.09804	3.0	80.0	-53.1373	1533410.0	1182.75	26.0	51.0	2.0	1193.0	43.0	4975.0	51.0	7	fan	1
10.413236	8.17544	3.0	80.0	-53.0526	1705990.0	1192.81	29.0	57.0	3.0	1249.0	48.0	5737.0	57.0	7	fan	1
10.513459	8.0431	3.0	80.0	-53.0517	3455380.0	1175.6	12.0	116.0	1.0	1192.0	99.0	8664.0	116.0	7	fan	1
10.614348	8.28571	3.0	80.0	-53.2143	815964.0	1207.14	9.0	28.0	1.0	1222.0	24.0	5002.0	28.0	7	fan	1
10.714830	8.125	3.0	80.0	-53.1477	2656360.0	1186.25	17.0	88.0	1.0	1207.0	65.0	7522.0	88.0	7	fan	1
10.815694	8.07143	3.0	80.0	-53.0816	2894100.0	1179.29	18.0	98.0	9.0	1179.0	78.0	6566.0	98.0	7	fan	1
10.916222	8.07317	3.0	80.0	-53.1951	3690470.0	1179.51	11.0	123.0	3.0	1205.0	98.0	10305.0	123.0	7	fan	1
11.017007	8.16	3.0	80.0	-53.04	1434280.0	1190.8	12.0	50.0	1.0	1212.0	42.0	5934.0	50.0	7	fan	1
11.117022	8.07292	3.0	80.0	-53.1771	2871990.0	1179.48	19.0	96.0	4.0	1188.0	77.0	11397.0	96.0	7	fan	1
11.218277	8.02083	3.0	80.0	-53.1146	2821270.0	1172.71	8.0	96.0	2.0	1244.0	78.0	6828.0	96.0	7	fan	1
11.318827	8.18293	3.0	80.0	-53.0244	2408990.0	1193.78	18.0	82.0	3.0	1213.0	63.0	10230.0	82.0	7	fan	1
11.419097	8.26531	3.0	80.0	-53.2245	1455930.0	1204.49	16.0	49.0	2.0	1173.0	39.0	9744.0	49.0	7	fan	1
11.519247	8.12698	3.0	80.0	-53.0	1891100.0	1186.51	24.0	63.0	2.0	1191.0	49.0	7748.0	63.0	7	fan	1
11.619528	8.46154	3.0	80.0	-53.0385	789321.0	1230.0	10.0	26.0	0.0	1156.0	24.0	2008.0	26.0	7	fan	1
11.720172	8.27941	3.0	80.0	-53.1471	2021280.0	1206.32	19.0	68.0	7.0	1101.0	54.0	4523.0	68.0	7	fan	1
11.820989	8.17241	3.0	80.0	-53.1897	1740090.0	1192.41	15.0	58.0	2.0	1220.0	50.0	14654.0	58.0	7	fan	1
11.921862	8.06306	3.0	80.0	-53.2072	3308700.0	1178.2	15.0	111.0	2.0	1217.0	95.0	12232.0	111.0	7	fan	1
12.022254	8.23529	3.0	80.0	-53.0392	1515890.0	1200.59	7.0	51.0	3.0	1199.0	44.0	4085.0	51.0	7	fan	1
12.122335	7.99435	3.0	80.0	-52.9266	5259380.0	1168.9	15.0	177.0	13.0	1223.0	140.0	9874.0	176.0	7	fan	1
12.223117	8.14815	3.0	80.0	-53.0926	1587330.0	1189.26	16.0	54.0	3.0	1226.0	42.0	7105.0	54.0	7	fan	1
12.323512	8.22727	3.0	80.0	-53.2045	1269430.0	1199.55	19.0	44.0	4.0	1218.0	39.0	8649.0	44.0	7	fan	1
12.423968	8.26316	3.0	80.0	-53.1579	1159090.0	1204.21	14.0	38.0	1.0	1209.0	37.0	6465.0	38.0	7	fan	1
12.523968	8.08	3.0	80.0	-53.06	2995850.0	1180.4	20.0	100.0	1.0	1181.0	79.0	8919.0	100.0	7	fan	1
12.624170	8.1	3.0	80.0	-53.1667	2725850.0	1183.0	21.0	90.0	4.0	1248.0	70.0	8324.0	90.0	7	fan	1
12.724298	8.19231	3.0	80.0	-53.0	760412.0	1195.0	15.0	26.0	1.0	1152.0	24.0	1084.0	26.0	7	fan	1
12.824582	8.5	3.0	80.0	-53.25	371304.0	1235.0	21.0	12.0	0.0	1098.0	12.0	3533.0	12.0	7	fan	1
12.925755	9.0	3.0	80.0	-52.875	230714.0	1300.0	10.0	8.0	4.0	1037.0	4.0	3009.0	8.0	7	fan	1
13.026201	8.11111	3.0	80.0	-53.2037	1667630.0	1184.44	14.0	54.0	3.0	1078.0	46.0	951.0	54.0	7	fan	1
13.127254	8.58333	3.0	80.0	-53.0833	353737.0	1245.83	16.0	12.0	0.0	1024.0	12.0	4090.0	12.0	7	fan	1
13.227657	8.36111	3.0	80.0	-53.0556	1052270.0	1216.94	9.0	36.0	3.0	1057.0	25.0	2636.0	36.0	7	fan	1
13.328615	8.01389	3.0	80.0	-53.1667	2107760.0	1171.81	11.0	72.0	4.0	1046.0	58.0	2930.0	72.0	7	fan	1
13.429576	8.04878	3.0	80.0	-53.1463	2445830.0	1176.34	17.0	82.0	3.0	1069.0	65.0	4816.0	82.0	7	fan	1
13.529579	8.01389	3.0	80.0	-53.1667	4330860.0	1171.81	3.0	144.0	1.0	1062.0	119.0	7430.0	144.0	7	fan	1
13.630760	8.1	3.0	80.0	-53.225	1151690.0	1183.0	8.0	40.0	0.0	1043.0	35.0	592.0	40.0	7	fan	1
13.731296	9.0	3.0	80.0	-53.1429	432364.0	1300.0	19.0	14.0	1.0	1234.0	13.0	5277.0	14.0	7	fan	1
13.831640	8.00719	3.0	80.0	-53.0719	4100200.0	1170.94	10.0	139.0	8.0	1266.0	105.0	12910.0	139.0	7	fan	1
13.931991	8.03125	3.0	80.0	-53.2422	3730170.0	1174.06	18.0	128.0	3.0	1184.0	106.0	10334.0	128.0	7	fan	1
14.032545	8.14545	3.0	80.0	-53.1273	1667270.0	1188.91	21.0	55.0	2.0	1232.0	49.0	5473.0	55.0	7	fan	1
14.132580	8.16071	3.0	80.0	-53.125	1630720.0	1190.89	17.0	56.0	1.0	1263.0	43.0	1388.0	56.0	7	fan	1
14.233279	8.0814	3.0	80.0	-53.1512	2589220.0	1180.58	29.0	86.0	4.0	1246.0	66.0	4692.0	86.0	7	fan	1
14.333288	8.18519	3.0	80.0	-53.0926	1599470.0	1194.07	18.0	54.0	2.0	1248.0	47.0	5293.0	54.0	7	fan	1
14.433309	8.22388	3.0	80.0	-53.0746	2047960.0	1199.1	16.0	67.0	5.0	1250.0	56.0	6052.0	67.0	7	fan	1
14.534305	8.05385	3.0	80.0	-53.2462	3828010.0	1177.0	32.0	130.0	4.0	1244.0	105.0	8108.0	130.0	7	fan	1
14.634945	8.0	3.0	80.0	-53.1311	5340730.0	1170.0	27.0	183.0	12.0	1270.0	145.0	8829.0	183.0	7	fan	1
14.735424	8.01212	3.0	80.0	-53.1879	4778460.0	1171.58	11.0	165.0	11.0	1272.0	132.0	5473.0	165.0	7	fan	1
14.835815	8.06122	3.0	80.0	-53.1429	3013320.0	1177.96	12.0	98.0	6.0	1268.0	80.0	12339.0	98.0	7	fan	1
14.936700	8.04706	3.0	80.0	-53.1529	2539560.0	1176.12	19.0	85.0	0.0	1289.0	71.0	10646.0	85.0	7	fan	1
15.037631	8.26316	3.0	80.0	-53.2105	1707060.0	1204.21	23.0	57.0	9.0	1236.0	41.0	6402.0	57.0	7	fan	1
15.138299	8.07229	3.0	80.0	-53.2771	2527250.0	1179.4	23.0	83.0	7.0	1270.0	68.0	7014.0	83.0	7	fan	1
15.239457	8.18	3.0	80.0	-53.2	1473530.0	1193.4	14.0	50.0	6.0	1255.0	35.0	3011.0	50.0	7	fan	1
15.340729	8.10938	3.0	80.0	-53.2344	1900030.0	1184.22	20.0	64.0	6.0	1212.0	52.0	3576.0	64.0	7	fan	1
15.441768	8.19444	3.0	80.0	-53.1111	1075270.0	1195.28	14.0	36.0	4.0	1055.0	26.0	735.0	36.0	7	fan	1
15.542135	8.09091	3.0	80.0	-53.1273	1640560.0	1181.82	20.0	55.0	2.0	1054.0	46.0	2908.0	55.0	7	fan	1
15.642689	8.12821	3.0	80.0	-53.2051	1173480.0	1186.67	17.0	39.0	4.0	1047.0	29.0	2002.0	39.0	7	fan	1
15.742999	8.02062	3.0	80.0	-53.299	2864710.0	1172.68	16.0	97.0	3.0	1076.0	77.0	4476.0	97.0	7	fan	1
15.843907	8.0	3.0	80.0	-53.1688	4636050.0	1170.0	3.0	160.0	9.0	1038.0	127.0	2827.0	160.0	7	fan	1
15.944790	8.0	3.0	80.0	-53.3	4186060.0	1170.0	5.0	140.0	2.0	1054.0	118.0	4351.0	140.0	7	fan	1
16.045531	8.04082	3.0	80.0	-53.2347	2913990.0	1175.31	13.0	98.0	3.0	1056.0	79.0	7250.0	98.0	7	fan	1
16.146527	8.375	3.0	80.0	-53.25	461642.0	1218.75	12.0	16.0	0.0	1068.0	15.0	2021.0	16.0	7	fan	1
16.246898	8.05128	3.0	80.0	-53.2906	3465800.0	1176.67	10.0	117.0	3.0	1186.0	97.0	9834.0	117.0	7	fan	1
16.347264	8.2069	3.0	80.0	-53.1897	1747910.0	1196.9	15.0	58.0	5.0	1225.0	47.0	5344.0	58.0	7	fan	1
16.447906	8.05825	3.0	80.0	-53.1553	3069940.0	1177.57	9.0	103.0	2.0	1231.0	86.0	2657.0	103.0	7	fan	1
16.549043	8.3	3.0	80.0	-53.125	1166930.0	1209.0	12.0	40.0	3.0	1209.0	33.0	3425.0	40.0	7	fan	1
16.649553	8.09091	3.0	80.0	-53.2	1666930.0	1181.82	32.0	55.0	1.0	1252.0	44.0	6500.0	55.0	7	fan	1
16.750546	8.08333	3.0	80.0	-53.1333	1782930.0	1180.83	23.0	60.0	6.0	1208.0	49.0	981.0	60.0	7	fan	1
16.851209	8.11538	3.0	80.0	-53.25	1557850.0	1185.0	18.0	52.0	1.0	1235.0	45.0	2970.0	52.0	7	fan	1
16.951827	8.05263	3.0	80.0	-53.2632	3379490.0	1176.84	9.0	114.0	5.0	1225.0	97.0	7194.0	114.0	7	fan	1
17.052859	8.04808	3.0	80.0	-53.3077	3117890.0	1176.25	11.0	104.0	6.0	1219.0	85.0	6014.0	104.0	7	fan	1
17.153157	8.02679	3.0	80.0	-53.2411	3373670.0	1173.48	6.0	112.0	5.0	1186.0	97.0	2002.0	112.0	7	fan	1
17.253166	8.10976	3.0	80.0	-53.1098	2467680.0	1184.27	8.0	82.0	7.0	1246.0	67.0	5249.0	82.0	7	fan	1
17.354372	8.03175	3.0	80.0	-53.3413	3711640.0	1174.13	8.0	126.0	7.0	1227.0	107.0	1341.0	126.0	7	fan	1
17.454377	8.17857	3.0	80.0	-53.1786	1722170.0	1193.21	14.0	56.0	1.0	1214.0	53.0	7039.0	56.0	7	fan	1
17.555146	8.11321	3.0	80.0	-53.2358	3202990.0	1184.72	16.0	106.0	7.0	1210.0	81.0	12543.0	106.0	7	fan	1
17.656038	8.29167	3.0	80.0	-53.1667	723374.0	1207.92	21.0	24.0	2.0	1147.0	19.0	1016.0	24.0	7	fan	1
17.757276	8.375	3.0	80.0	-53.25	475492.0	1218.75	7.0	16.0	3.0	1052.0	12.0	1327.0	16.0	7	fan	1
17.857592	8.07018	3.0	80.0	-53.2632	1732140.0	1179.12	15.0	57.0	2.0	1068.0	48.0	3682.0	57.0	7	fan	1
17.957830	8.04301	3.0	80.0	-53.2473	2712580.0	1175.59	11.0	93.0	6.0	1049.0	70.0	4554.0	93.0	7	fan	1
18.058631	8.21951	3.0	80.0	-53.3415	1231960.0	1198.54	13.0	41.0	3.0	1060.0	31.0	5759.0	41.0	7	fan	1
18.159498	8.05618	3.0	80.0	-53.1348	2647740.0	1177.3	7.0	89.0	4.0	1058.0	68.0	1758.0	89.0	7	fan	1
18.259727	8.0	3.0	80.0	-53.2042	4245230.0	1170.0	3.0	142.0	7.0	1030.0	114.0	5932.0	142.0	7	fan	1
18.360332	8.0	3.0	80.0	-53.241	4879710.0	1170.0	5.0	166.0	5.0	1038.0	141.0	4952.0	166.0	7	fan	1
18.460760	8.02105	3.0	80.0	-53.2316	2844400.0	1172.74	4.0	95.0	5.0	994.0	77.0	1116.0	95.0	7	fan	1
18.561916	9.0	3.0	80.0	-53.25	353255.0	1300.0	9.0	12.0	2.0	1073.0	10.0	5253.0	12.0	7	fan	1
18.662490	8.21875	3.0	80.0	-53.375	972081.0	1198.44	14.0	32.0	1.0	1041.0	27.0	1551.0	32.0	7	fan	1
18.762638	8.02899	3.0	80.0	-53.3551	4109340.0	1173.77	12.0	138.0	4.0	1078.0	106.0	6473.0	138.0	7	fan	1
18.862944	8.12963	3.0	80.0	-53.2222	1595100.0	1186.85	10.0	54.0	3.0	1041.0	48.0	10416.0	54.0	7	fan	1
18.963567	9.0	3.0	80.0	-52.9286	371925.0	1300.0	8.0	14.0	2.0	1052.0	12.0	4319.0	14.0	7	fan	1
19.064006	8.2381	3.0	80.0	-53.4762	1252630.0	1200.95	33.0	42.0	5.0	1070.0	33.0	3536.0	42.0	7	fan	1
19.164412	8.27083	3.0	80.0	-53.1875	1408380.0	1205.21	19.0	48.0	5.0	1249.0	37.0	9299.0	48.0	7	fan	1
19.264469	8.04098	3.0	80.0	-53.3115	3677020.0	1175.33	13.0	122.0	2.0	1205.0	102.0	4305.0	122.0	7	fan	1
19.364630	8.0061	3.0	80.0	-53.1768	4882610.0	1170.79	14.0	164.0	11.0	1243.0	125.0	9269.0	164.0	7	fan	1
19.465049	8.0	3.0	80.0	-53.2267	4498150.0	1170.0	5.0	150.0	12.0	1267.0	121.0	4409.0	150.0	7	fan	1
19.565096	8.0	3.0	80.0	-53.1548	4966080.0	1170.0	4.0	168.0	12.0	1248.0	130.0	5855.0	168.0	7	fan	1
19.666366	8.0625	3.0	80.0	-53.25	2836620.0	1178.12	12.0	96.0	5.0	1249.0	83.0	8675.0	96.0	7	fan	1
19.767416	8.11111	3.0	80.0	-53.2469	2366410.0	1184.44	17.0	81.0	4.0	1254.0	68.0	5769.0	81.0	7	fan	1
19.867730	8.04301	3.0	80.0	-53.2581	2694740.0	1175.59	14.0	93.0	7.0	1260.0	74.0	1169.0	93.0	7	fan	1
19.967734	8.0	3.0	80.0	-53.1676	5341040.0	1170.0	5.0	179.0	9.0	1251.0	143.0	12635.0	179.0	7	fan	1
20.067965	8.0	3.0	80.0	-53.2303	5207250.0	1170.0	6.0	178.0	12.0	1252.0	147.0	11198.0	178.0	7	fan	1
20.167984	8.0084	3.0	80.0	-53.1681	3584900.0	1171.09	19.0	119.0	3.0	1220.0	99.0	6989.0	119.0	7	fan	1
20.268976	8.10112	3.0	80.0	-53.3034	2643630.0	1183.15	16.0	89.0	5.0	1299.0	70.0	7780.0	89.0	7	fan	1
20.369472	8.23529	3.0	80.0	-53.1471	2084050.0	1200.59	30.0	68.0	3.0	1252.0	60.0	10173.0	68.0	7	fan	1
20.469678	8.01389	3.0	80.0	-53.3333	4320630.0	1171.81	17.0	144.0	5.0	1286.0	114.0	17713.0	144.0	7	fan	1
20.570419	8.72	3.0	80.0	-53.44	755322.0	1263.6	5.0	25.0	2.0	1243.0	22.0	7876.0	25.0	7	fan	1
20.671399	8.4	3.0	80.0	-53.04	738301.0	1222.0	16.0	25.0	4.0	1171.0	17.0	3869.0	25.0	7	fan	1
20.772384	8.26316	3.0	80.0	-53.4035	1691410.0	1204.21	19.0	57.0	2.0	1257.0	42.0	7920.0	57.0	7	fan	1
20.872390	8.66667	3.0	80.0	-53.0667	450373.0	1256.67	16.0	15.0	2.0	1267.0	12.0	3176.0	15.0	7	fan	1
20.973097	8.12644	3.0	80.0	-53.1379	2574440.0	1186.44	22.0	87.0	6.0	1224.0	72.0	4521.0	87.0	7	fan	1
21.073671	8.21429	3.0	80.0	-53.3333	1279990.0	1197.86	26.0	42.0	5.0	1294.0	31.0	7174.0	42.0	7	fan	1
21.174686	8.14925	3.0	80.0	-53.3433	1982360.0	1189.4	15.0	67.0	3.0	1256.0	59.0	2563.0	67.0	7	fan	1
21.275426	8.09859	3.0	80.0	-53.169	2125800.0	1182.82	22.0	71.0	3.0	1230.0	52.0	2250.0	71.0	7	fan	1
21.376462	9.0	3.0	80.0	-53.3571	429747.0	1300.0	27.0	14.0	1.0	1257.0	13.0	5564.0	14.0	7	fan	1
21.476921	8.28333	3.0	80.0	-53.2167	1838460.0	1206.83	16.0	60.0	4.0	1252.0	48.0	8647.0	60.0	7	fan	1
21.577795	8.04132	3.0	80.0	-53.1901	3630930.0	1175.37	17.0	121.0	7.0	1281.0	105.0	12059.0	121.0	7	fan	1
21.677850	8.09091	3.0	80.0	-53.2857	2296360.0	1181.82	4.0	77.0	7.0	1233.0	60.0	15920.0	77.0	7	fan	1
21.778989	8.22581	3.0	80.0	-53.3387	1841760.0	1199.35	31.0	62.0	3.0	1274.0	54.0	12562.0	62.0	7	fan	1
21.879941	8.01974	3.0	80.0	-53.2961	4491210.0	1172.57	12.0	152.0	6.0	1291.0	126.0	6803.0	152.0	7	fan	1
21.981020	8.0	3.0	80.0	-53.1394	4854570.0	1170.0	1.0	165.0	8.0	1229.0	135.0	10810.0	165.0	7	fan	1
22.081523	8.0566	3.0	80.0	-53.2358	3150650.0	1177.36	16.0	106.0	2.0	1309.0	93.0	6716.0	106.0	7	fan	1
22.181527	8.14474	3.0	80.0	-53.3421	2297300.0	1188.82	28.0	76.0	6.0	1239.0	61.0	2336.0	76.0	7	fan	1
22.282473	8.16071	3.0	80.0	-53.25	1661010.0	1190.89	13.0	56.0	5.0	1246.0	43.0	6712.0	56.0	7	fan	1
22.383449	8.66667	3.0	80.0	-53.1667	368879.0	1256.67	24.0	12.0	0.0	1283.0	12.0	2003.0	12.0	7	fan	1
22.483719	8.02778	3.0	80.0	-53.2639	2212200.0	1173.61	15.0	72.0	5.0	1247.0	57.0	4153.0	72.0	7	fan	1
22.583863	8.11111	3.0	80.0	-53.1806	2094410.0	1184.44	14.0	72.0	3.0	1278.0	58.0	7670.0	72.0	7	fan	1
22.683960	8.0	3.0	80.0	-53.2566	4559750.0	1170.0	2.0	152.0	4.0	1222.0	130.0	9557.0	152.0	7	fan	1
22.783991	8.05195	3.0	80.0	-53.1948	2266510.0	1176.75	14.0	77.0	4.0	1287.0	60.0	4578.0	77.0	7	fan	1
22.884195	8.18571	3.0	80.0	-53.2	2077130.0	1194.14	13.0	70.0	2.0	1210.0	63.0	10563.0	70.0	7	fan	1
22.984239	8.09589	3.0	80.0	-53.2329	2172380.0	1182.47	29.0	73.0	3.0	1235.0	59.0	2142.0	73.0	7	fan	1
23.085843	8.04444	3.0	80.0	-53.2333	2643650.0	1175.78	8.0	90.0	4.0	1271.0	76.0	5196.0	90.0	7	fan	1
23.187011	8.07216	3.0	80.0	-53.268	2884250.0	1179.38	11.0	97.0	5.0	1279.0	74.0	6833.0	97.0	7	fan	1
23.287750	8.41667	3.0	80.0	-53.3333	724109.0	1224.17	21.0	24.0	4.0	1254.0	20.0	4663.0	24.0	7	fan	1
23.388739	8.17391	3.0	80.0	-53.3478	705802.0	1192.61	24.0	23.0	4.0	1263.0	17.0	3271.0	23.0	7	fan	1
23.489071	8.65	3.0	80.0	-53.1	603416.0	1254.5	18.0	20.0	3.0	1275.0	17.0	4516.0	20.0	7	fan	1
23.589383	8.11594	3.0	80.0	-53.2029	2058380.0	1185.07	20.0	69.0	5.0	1221.0	54.0	5458.0	69.0	7	fan	1
23.690010	8.14634	3.0	75.6098	-52.7561	1264160.0	1122.44	13.0	41.0	3.0	1242.0	34.0	4198.0	38.0	7	fan	1
23.790426	8.05714	3.0	80.0	-53.2952	3138070.0	1177.43	14.0	105.0	2.0	1207.0	90.0	10547.0	105.0	7	fan	1
23.890609	8.09211	3.0	80.0	-53.3553	2337820.0	1181.97	16.0	76.0	8.0	1264.0	63.0	14784.0	76.0	7	fan	1
23.990845	8.07407	3.0	80.0	-53.2593	2416570.0	1179.63	12.0	81.0	2.0	1239.0	67.0	8520.0	81.0	7	fan	1
24.091141	8.02105	3.0	80.0	-53.2	2832560.0	1172.74	13.0	95.0	8.0	1215.0	77.0	5753.0	95.0	7	fan	1
24.192415	8.10448	3.0	80.0	-53.2687	1933260.0	1183.58	21.0	67.0	6.0	1274.0	51.0	8939.0	67.0	7	fan	1
24.293565	8.13333	3.0	80.0	-53.2667	1350460.0	1187.33	20.0	45.0	7.0	1217.0	34.0	3135.0	45.0	7	fan	1
24.393967	8.0	3.0	80.0	-53.1538	2691320.0	1170.0	28.0	91.0	8.0	1229.0	75.0	3126.0	91.0	7	fan	1
24.494536	8.06061	3.0	80.0	-53.2955	3905860.0	1177.88	14.0	132.0	5.0	1235.0	104.0	11103.0	132.0	7	fan	1
24.595398	8.05195	3.0	80.0	-53.1558	2292870.0	1176.75	24.0	77.0	6.0	1230.0	61.0	4767.0	77.0	7	fan	1
24.695649	8.00667	3.0	80.0	-53.2733	4535270.0	1170.87	9.0	150.0	7.0	1232.0	121.0	10212.0	150.0	7	fan	1
24.796361	8.24324	3.0	80.0	-53.2703	1079460.0	1201.62	13.0	37.0	1.0	1228.0	34.0	5916.0	37.0	7	fan	1
24.896390	8.02041	3.0	80.0	-53.2143	2828050.0	1172.65	9.0	98.0	3.0	1245.0	80.0	7212.0	98.0	7	fan	1
24.997177	8.06522	3.0	80.0	-53.2826	2726910.0	1178.48	18.0	92.0	3.0	1224.0	74.0	6483.0	92.0	7	fan	1
25.097851	8.06154	3.0	80.0	-53.2615	1942580.0	1178.0	24.0	65.0	4.0	1262.0	53.0	3307.0	65.0	7	fan	1
25.198473	8.26087	3.0	80.0	-53.2609	708970.0	1203.91	15.0	23.0	4.0	1115.0	17.0	1211.0	23.0	7	fan	1
25.299174	8.15152	3.0	80.0	-53.2879	1988210.0	1189.7	13.0	66.0	2.0	1225.0	57.0	5460.0	66.0	7	fan	1
25.400238	8.2619	3.0	80.0	-53.1429	1258920.0	1204.05	21.0	42.0	3.0	1289.0	36.0	2776.0	42.0	7	fan	1
25.501373	8.08182	3.0	80.0	-53.2636	3254080.0	1180.64	14.0	110.0	8.0	1233.0	89.0	3482.0	110.0	7	fan	1
25.602485	8.0	3.0	80.0	-53.2	4471930.0	1170.0	8.0	155.0	6.0	1281.0	134.0	11147.0	155.0	7	fan	1
25.702498	8.00629	3.0	80.0	-53.239	4613750.0	1170.82	5.0	159.0	6.0	1248.0	133.0	8191.0	159.0	7	fan	1
25.802762	8.0	3.0	80.0	-53.295	4209920.0	1170.0	3.0	139.0	8.0	1266.0	115.0	14670.0	139.0	7	fan	1
25.902799	8.0	3.0	80.0	-53.2292	4344510.0	1170.0	6.0	144.0	13.0	1215.0	114.0	2718.0	144.0	7	fan	1
26.003514	8.0	3.0	80.0	-53.3446	5166560.0	1170.0	2.0	177.0	7.0	1243.0	150.0	9927.0	177.0	7	fan	1
26.103533	8.0	3.0	80.0	-53.2662	4578490.0	1170.0	8.0	154.0	9.0	1269.0	121.0	3069.0	154.0	7	fan	1
26.208224	8.0	3.0	80.0	-53.359	4549520.0	1170.0	6.0	156.0	7.0	1189.0	129.0	9474.0	156.0	7	fan	1
26.309465	8.07527	3.0	80.0	-53.2258	2775080.0	1179.78	11.0	93.0	2.0	1353.0	79.0	3536.0	93.0	7	fan	1
26.409729	8.4	3.0	80.0	-53.0333	898189.0	1222.0	11.0	30.0	0.0	1239.0	25.0	6209.0	30.0	7	fan	1
26.510370	8.34615	3.0	80.0	-53.1154	786501.0	1215.0	16.0	26.0	5.0	1252.0	19.0	8155.0	26.0	7	fan	1
26.610961	8.06944	3.0	80.0	-53.1944	2190440.0	1179.03	29.0	72.0	9.0	1237.0	56.0	6095.0	72.0	7	fan	1
26.711028	8.01709	3.0	80.0	-53.3248	3596530.0	1172.22	3.0	117.0	2.0	1227.0	101.0	4346.0	117.0	7	fan	1
26.811036	8.07895	3.0	80.0	-53.2105	2236300.0	1180.26	9.0	76.0	5.0	1247.0	61.0	5160.0	76.0	7	fan	1
26.911456	8.03774	3.0	80.0	-53.1792	3139110.0	1174.91	5.0	106.0	1.0	1250.0	94.0	9333.0	106.0	7	fan	1
27.011468	8.23077	3.0	80.0	-53.3333	1179480.0	1200.0	14.0	39.0	3.0	1239.0	30.0	5849.0	39.0	7	fan	1
27.112055	8.15152	3.0	80.0	-53.3333	972292.0	1189.7	26.0	33.0	3.0	1290.0	27.0	2518.0	33.0	7	fan	1
27.212838	9.0	3.0	80.0	-53.375	246511.0	1300.0	13.0	8.0	0.0	1234.0	8.0	1932.0	8.0	7	fan	1
27.313116	8.26316	3.0	80.0	-53.2895	1145570.0	1204.21	21.0	38.0	5.0	1224.0	29.0	5732.0	38.0	7	fan	1
27.414405	8.54167	3.0	80.0	-53.1667	705584.0	1240.42	27.0	24.0	1.0	1126.0	23.0	6878.0	24.0	7	fan	1
27.514895	8.42308	3.0	80.0	-53.3846	787562.0	1225.0	17.0	26.0	4.0	1211.0	19.0	5176.0	26.0	7	fan	1
27.616021	8.25714	3.0	80.0	-53.2286	1059040.0	1203.43	32.0	35.0	2.0	1214.0	32.0	4638.0	35.0	7	fan	1
27.716673	8.09677	3.0	80.0	-53.3065	1850060.0	1182.58	23.0	62.0	4.0	1217.0	49.0	1585.0	62.0	7	fan	1
27.817106	8.08475	3.0	80.0	-53.2712	1776500.0	1181.02	19.0	59.0	8.0	1222.0	43.0	3349.0	59.0	7	fan	1
27.917995	8.07692	3.0	80.0	-53.4615	1598320.0	1180.0	16.0	52.0	3.0	1217.0	42.0	1322.0	52.0	7	fan	1
28.018813	9.0	3.0	80.0	-53.5	246185.0	1300.0	23.0	8.0	1.0	1236.0	7.0	1982.0	8.0	7	fan	1
28.119603	8.01695	3.0	80.0	-53.322	1710610.0	1172.2	14.0	59.0	4.0	1163.0	48.0	1523.0	59.0	7	fan	1
28.219841	8.6	3.0	80.0	-53.1	603501.0	1248.0	20.0	20.0	3.0	1219.0	17.0	3198.0	20.0	7	fan	1
28.320279	8.01235	3.0	80.0	-53.2346	2410870.0	1171.6	22.0	81.0	7.0	1211.0	63.0	4354.0	81.0	7	fan	1
28.421395	8.03419	3.0	80.0	-53.2735	3440760.0	1174.44	13.0	117.0	3.0	1209.0	95.0	6988.0	117.0	7	fan	1
28.522434	8.10526	3.0	80.0	-53.3509	1749960.0	1183.68	24.0	57.0	5.0	1254.0	49.0	2974.0	57.0	7	fan	1
28.623573	8.12766	3.0	80.0	-53.3404	1396760.0	1186.6	21.0	47.0	5.0	1164.0	39.0	10161.0	47.0	7	fan	1
28.723610	8.0101	3.0	80.0	-53.3838	2934140.0	1171.31	18.0	99.0	8.0	1232.0	83.0	5271.0	99.0	7	fan	1
28.824240	8.11111	3.0	80.0	-53.2063	1867380.0	1184.44	18.0	63.0	7.0	1187.0	47.0	6007.0	63.0	7	fan	1
28.924853	8.04054	3.0	80.0	-53.3243	2237240.0	1175.27	20.0	74.0	2.0	1230.0	66.0	7332.0	74.0	7	fan	1
29.025167	8.0	3.0	80.0	-53.3721	3793660.0	1170.0	9.0	129.0	5.0	1211.0	106.0	1396.0	129.0	7	fan	1
29.125979	8.03306	3.0	80.0	-53.2975	3603020.0	1174.3	25.0	121.0	13.0	1227.0	91.0	9453.0	121.0	7	fan	1
29.226053	8.08824	3.0	80.0	-53.2647	2032550.0	1181.47	20.0	68.0	1.0	1189.0	54.0	5048.0	68.0	7	fan	1
29.326729	8.5	3.0	80.0	-53.2917	738767.0	1235.0	24.0	24.0	4.0	1245.0	17.0	1797.0	24.0	7	fan	1
29.427710	8.03279	3.0	80.0	-53.4262	3613160.0	1174.26	23.0	122.0	10.0	1220.0	96.0	8836.0	122.0	7	fan	1
29.528217	8.0	3.0	80.0	-53.2877	4384510.0	1170.0	7.0	146.0	8.0	1230.0	120.0	7275.0	146.0	7	fan	1
29.628843	8.02326	3.0	80.0	-53.3372	2546670.0	1173.02	12.0	86.0	5.0	1170.0	73.0	3394.0	86.0	7	fan	1
29.728844	8.07229	3.0	80.0	-53.2771	2484090.0	1179.4	11.0	83.0	4.0	1145.0	67.0	3731.0	83.0	7	fan	1
29.829396	8.32143	3.0	80.0	-53.25	834112.0	1211.79	25.0	28.0	2.0	1216.0	25.0	5838.0	28.0	7	fan	1
29.930099	8.03571	3.0	80.0	-53.3571	2513630.0	1174.64	11.0	84.0	5.0	1029.0	66.0	1391.0	84.0	7	fan	1
30.030431	8.06061	3.0	80.0	-53.2121	1979830.0	1177.88	27.0	66.0	8.0	1067.0	49.0	9143.0	66.0	7	fan	1
30.131316	8.11111	3.0	80.0	-53.4444	1615840.0	1184.44	24.0	54.0	10.0	1068.0	39.0	5430.0	54.0	7	fan	1
30.232195	8.15217	3.0	80.0	-53.3261	1354770.0	1189.78	14.0	46.0	5.0	1019.0	34.0	3036.0	46.0	7	fan	1
30.333287	8.11321	3.0	80.0	-53.283	1536600.0	1184.72	14.0	53.0	4.0	1071.0	42.0	5446.0	53.0	7	fan	1
30.433507	8.07407	3.0	80.0	-53.5185	1581600.0	1179.63	11.0	54.0	3.0	1035.0	45.0	5561.0	54.0	7	fan	1
30.534606	8.23077	3.0	80.0	-53.4615	1535200.0	1200.0	26.0	52.0	8.0	1260.0	34.0	5614.0	52.0	7	fan	1
30.635604	8.0339	3.0	80.0	-53.3729	3473900.0	1174.41	20.0	118.0	9.0	1257.0	94.0	4073.0	118.0	7	fan	1
30.735986	8.18519	3.0	80.0	-53.3333	1593530.0	1194.07	20.0	54.0	3.0	1225.0	39.0	3350.0	54.0	7	fan	1
30.836149	8.12346	3.0	80.0	-53.3827	2418440.0	1186.05	29.0	81.0	6.0	1266.0	68.0	4221.0	81.0	7	fan	1
30.937185	8.14754	3.0	80.0	-53.4262	1843040.0	1189.18	18.0	61.0	2.0	1242.0	51.0	4167.0	61.0	7	fan	1
31.038344	8.05747	3.0	80.0	-53.3103	2622930.0	1177.47	14.0	87.0	5.0	1264.0	71.0	9811.0	87.0	7	fan	1
31.138918	8.18	3.0	80.0	-53.28	1467640.0	1193.4	34.0	50.0	2.0	1248.0	43.0	4393.0	50.0	7	fan	1
31.239062	8.24242	3.0	80.0	-53.2727	977552.0	1201.52	26.0	33.0	1.0	1070.0	25.0	2957.0	33.0	7	fan	1
31.339288	8.02564	3.0	80.0	-53.3718	2369500.0	1173.33	27.0	78.0	6.0	1122.0	65.0	9031.0	78.0	7	fan	1
31.440042	8.0	3.0	80.0	-53.3478	3405090.0	1170.0	17.0	115.0	5.0	1088.0	90.0	3025.0	115.0	7	fan	1
31.540550	8.65217	3.0	80.0	-53.4783	695068.0	1254.78	15.0	23.0	5.0	1085.0	18.0	4413.0	23.0	7	fan	1
31.640722	8.05769	3.0	80.0	-53.25	1564890.0	1177.5	16.0	52.0	3.0	1091.0	42.0	1124.0	52.0	7	fan	1
31.741111	8.01493	3.0	80.0	-53.3881	4006420.0	1171.94	11.0	134.0	4.0	1059.0	108.0	5979.0	134.0	7	fan	1
31.841983	8.09259	3.0	80.0	-53.4074	3202200.0	1182.04	17.0	108.0	7.0	1063.0	82.0	6160.0	108.0	7	fan	1
31.943331	8.01399	3.0	80.0	-53.3636	4243390.0	1171.82	10.0	143.0	9.0	982.0	115.0	10107.0	143.0	7	fan	1
32.043424	8.43333	3.0	80.0	-53.2667	900082.0	1226.33	18.0	30.0	1.0	1073.0	23.0	1428.0	30.0	7	fan	1
32.144590	8.10417	3.0	80.0	-53.2083	1412170.0	1183.54	17.0	48.0	4.0	1046.0	39.0	3665.0	48.0	7	fan	1
32.245487	8.27586	3.0	80.0	-53.3103	832318.0	1205.86	20.0	29.0	6.0	1069.0	18.0	1760.0	29.0	7	fan	1
32.346310	8.05747	3.0	80.0	-53.3793	2557760.0	1177.47	25.0	87.0	2.0	1062.0	77.0	4291.0	87.0	7	fan	1
32.447203	8.02632	3.0	80.0	-53.4123	3401020.0	1173.42	16.0	114.0	5.0	1020.0	93.0	8312.0	114.0	7	fan	1
32.547752	8.04082	3.0	80.0	-53.4082	2903530.0	1175.31	21.0	98.0	2.0	1100.0	80.0	6373.0	98.0	7	fan	1
32.648087	8.00813	3.0	80.0	-53.2439	3668490.0	1171.06	10.0	123.0	2.0	1014.0	109.0	1729.0	123.0	7	fan	1
32.748925	8.05319	3.0	80.0	-53.3191	2831890.0	1176.91	16.0	94.0	14.0	1071.0	70.0	3006.0	94.0	7	fan	1
32.849478	8.00901	3.0	80.0	-53.3153	3334200.0	1171.17	12.0	111.0	4.0	1052.0	98.0	7847.0	111.0	7	fan	1
32.950504	8.08333	3.0	80.0	-53.369	2460040.0	1180.83	15.0	84.0	7.0	1073.0	68.0	6135.0	84.0	7	fan	1
33.051275	8.15278	3.0	80.0	-53.2361	2172360.0	1189.86	10.0	72.0	0.0	1113.0	66.0	6315.0	72.0	7	fan	1
33.152250	8.23214	3.0	80.0	-53.4107	1690860.0	1200.18	20.0	56.0	7.0	1065.0	42.0	3409.0	56.0	7	fan	1
33.252382	8.03448	3.0	80.0	-53.2414	2529470.0	1174.48	20.0	87.0	6.0	1055.0	65.0	4595.0	87.0	7	fan	1
33.353272	8.0	3.0	80.0	-53.3681	4218710.0	1170.0	13.0	144.0	5.0	1056.0	122.0	5727.0	144.0	7	fan	1
33.454524	8.0404	3.0	80.0	-53.3939	2825300.0	1175.25	13.0	99.0	4.0	1058.0	80.0	2705.0	99.0	7	fan	1
33.555181	8.25714	3.0	80.0	-53.4571	1033900.0	1203.43	16.0	35.0	3.0	1081.0	25.0	8821.0	35.0	7	fan	1
33.655647	8.57143	3.0	80.0	-53.3333	633802.0	1244.29	26.0	21.0	1.0	1016.0	20.0	8568.0	21.0	7	fan	1
33.756669	8.57143	3.0	80.0	-53.2857	830003.0	1244.29	24.0	28.0	5.0	1105.0	23.0	6233.0	28.0	7	fan	1
33.857384	8.07576	3.0	80.0	-53.3485	1972530.0	1179.85	16.0	66.0	5.0	1054.0	50.0	3808.0	66.0	7	fan	1
33.958098	8.05085	3.0	80.0	-53.4576	1742570.0	1176.61	24.0	59.0	5.0	1075.0	48.0	7211.0	59.0	7	fan	1
34.058496	8.03279	3.0	80.0	-53.459	1840630.0	1174.26	16.0	61.0	0.0	1027.0	50.0	6276.0	61.0	7	fan	1
34.159223	8.0	3.0	80.0	-53.3443	3639070.0	1170.0	2.0	122.0	10.0	985.0	96.0	4158.0	122.0	7	fan	1
34.259312	8.25806	3.0	80.0	-53.5484	945832.0	1203.55	25.0	31.0	9.0	1061.0	20.0	1994.0	31.0	7	fan	1
34.359529	8.09375	3.0	80.0	-53.3542	2895090.0	1182.19	23.0	96.0	5.0	1215.0	80.0	3266.0	96.0	7	fan	1
34.460666	8.11429	3.0	80.0	-53.3	2072450.0	1184.86	29.0	70.0	2.0	1191.0	62.0	10734.0	70.0	7	fan	1
34.561425	8.21154	3.0	80.0	-53.3269	1540630.0	1197.5	22.0	52.0	5.0	1219.0	41.0	6514.0	52.0	7	fan	1
34.661730	8.03125	3.0	80.0	-53.3542	2828790.0	1174.06	17.0	96.0	5.0	1233.0	76.0	5122.0	96.0	7	fan	1
34.762060	8.02804	3.0	80.0	-53.3925	3173070.0	1173.64	29.0	107.0	3.0	1209.0	99.0	5856.0	107.0	7	fan	1
34.862447	8.14563	3.0	80.0	-53.4369	3047060.0	1188.93	38.0	103.0	5.0	1192.0	84.0	6904.0	103.0	7	fan	1
34.963367	8.00709	3.0	80.0	-53.383	4214560.0	1170.92	18.0	141.0	10.0	1222.0	110.0	9690.0	141.0	7	fan	1
35.064156	8.0	3.0	80.0	-53.4503	5067840.0	1170.0	4.0	171.0	10.0	1183.0	136.0	19912.0	171.0	7	fan	1
35.164425	8.00617	3.0	80.0	-53.4074	4799670.0	1170.8	11.0	162.0	6.0	1236.0	123.0	3681.0	162.0	7	fan	1
35.265709	8.04274	3.0	80.0	-53.2564	3449020.0	1175.56	8.0	117.0	7.0	1165.0	91.0	6868.0	117.0	7	fan	1
35.366638	8.07692	3.0	80.0	-53.3846	2336580.0	1180.0	24.0	78.0	5.0	1243.0	61.0	4914.0	78.0	7	fan	1
35.467364	8.04688	3.0	80.0	-53.2812	3807770.0	1176.09	16.0	128.0	6.0	1210.0	100.0	10384.0	128.0	7	fan	1
35.568427	8.19512	3.0	80.0	-53.3171	1228640.0	1195.37	14.0	41.0	3.0	1197.0	34.0	5948.0	41.0	7	fan	1
35.669651	8.07843	3.0	80.0	-53.3922	1503180.0	1180.2	21.0	51.0	5.0	1239.0	42.0	1003.0	51.0	7	fan	1
35.770596	8.29268	3.0	80.0	-53.3659	1245080.0	1208.05	23.0	41.0	0.0	1241.0	36.0	9539.0	41.0	7	fan	1
35.870677	8.06061	3.0	80.0	-53.3788	2000030.0	1177.88	21.0	66.0	3.0	1273.0	50.0	6574.0	66.0	7	fan	1
35.971073	8.02459	3.0	80.0	-53.2623	3738350.0	1173.2	20.0	122.0	14.0	1231.0	92.0	7523.0	122.0	7	fan	1
36.071736	8.0	3.0	80.0	-53.3924	4733550.0	1170.0	13.0	158.0	7.0	1250.0	124.0	8017.0	158.0	7	fan	1
36.172038	8.00735	3.0	80.0	-53.375	4054530.0	1170.96	20.0	136.0	10.0	1244.0	110.0	7370.0	136.0	7	fan	1
36.272278	8.03093	3.0	80.0	-53.4742	2866610.0	1174.02	19.0	97.0	4.0	1119.0	82.0	4720.0	97.0	7	fan	1
36.372475	8.25532	3.0	80.0	-53.2979	1365300.0	1203.19	20.0	47.0	2.0	1238.0	40.0	2934.0	47.0	7	fan	1
36.473130	8.28125	3.0	80.0	-53.2812	941332.0	1206.56	20.0	32.0	8.0	1234.0	24.0	7554.0	32.0	7	fan	1
36.573132	8.28	3.0	80.0	-53.36	746127.0	1206.4	20.0	25.0	2.0	1265.0	22.0	1304.0	25.0	7	fan	1
36.673698	8.05217	3.0	80.0	-53.4174	3381210.0	1176.78	16.0	115.0	10.0	1231.0	88.0	13083.0	115.0	7	fan	1
36.773923	8.23077	3.0	80.0	-53.5192	1609150.0	1200.0	38.0	52.0	3.0	1248.0	42.0	5483.0	52.0	7	fan	1
36.874381	8.10606	3.0	80.0	-53.3939	1932960.0	1183.79	15.0	66.0	8.0	1261.0	46.0	3986.0	66.0	7	fan	1
36.974506	8.05155	3.0	80.0	-53.3196	2883580.0	1176.7	20.0	97.0	6.0	1230.0	81.0	5016.0	97.0	7	fan	1
37.074954	8.3871	3.0	80.0	-52.9677	942213.0	1220.32	17.0	31.0	3.0	1268.0	25.0	7813.0	31.0	7	fan	1
37.175154	8.3	3.0	80.0	-53.45	1238650.0	1209.0	23.0	40.0	5.0	1230.0	33.0	6672.0	40.0	7	fan	1
37.276545	8.08824	3.0	80.0	-53.2745	2971910.0	1181.47	19.0	102.0	8.0	1248.0	83.0	8158.0	102.0	7	fan	1
37.377248	8.32	3.0	80.0	-53.24	769921.0	1211.6	25.0	25.0	1.0	1254.0	24.0	7230.0	25.0	7	fan	1
37.477576	8.0	3.0	80.0	-53.3136	5044270.0	1170.0	7.0	169.0	6.0	1259.0	141.0	14671.0	169.0	7	fan	1
37.578528	8.0411	3.0	80.0	-53.1507	2138440.0	1175.34	8.0	73.0	6.0	1255.0	61.0	2551.0	73.0	7	fan	1
37.679491	8.03158	3.0	80.0	-53.2947	2812790.0	1174.11	8.0	95.0	2.0	1274.0	66.0	1664.0	95.0	7	fan	1
37.779986	8.05217	3.0	80.0	-53.3391	3519330.0	1176.78	24.0	115.0	9.0	1287.0	99.0	7204.0	115.0	7	fan	1
37.880085	8.0	3.0	80.0	-53.2946	3891140.0	1170.0	4.0	129.0	5.0	1244.0	112.0	5854.0	129.0	7	fan	1
37.981064	8.02062	3.0	80.0	-53.3608	2890020.0	1172.68	9.0	97.0	3.0	1250.0	82.0	2824.0	97.0	7	fan	1
38.081789	8.03788	3.0	80.0	-53.3182	3959470.0	1174.92	31.0	132.0	4.0	1281.0	105.0	12290.0	132.0	7	fan	1
38.181795	8.05085	3.0	80.0	-53.3729	3539340.0	1176.61	36.0	118.0	6.0	1217.0	98.0	10119.0	118.0	7	fan	1
38.282267	8.07273	3.0	80.0	-53.4364	3259890.0	1179.45	12.0	110.0	4.0	1268.0	96.0	7103.0	110.0	7	fan	1
38.382403	8.46429	3.0	80.0	-53.2143	867213.0	1230.36	27.0	28.0	3.0	1245.0	25.0	6558.0	28.0	7	fan	1
38.483266	8.0	3.0	80.0	-53.3356	4359140.0	1170.0	5.0	149.0	10.0	996.0	122.0	11065.0	149.0	7	fan	1
38.583686	8.0	3.0	80.0	-53.375	4500400.0	1170.0	8.0	152.0	5.0	1053.0	122.0	6653.0	152.0	7	fan	1
38.684346	8.23684	3.0	80.0	-53.2105	1156510.0	1200.79	13.0	38.0	2.0	1020.0	32.0	2973.0	38.0	7	fan	1
38.785079	8.00926	3.0	80.0	-53.3333	3205430.0	1171.2	13.0	108.0	7.0	1073.0	93.0	5270.0	108.0	7	fan	1
38.885188	8.0202	3.0	80.0	-53.2222	2947110.0	1172.63	11.0	99.0	4.0	1000.0	81.0	6208.0	99.0	7	fan	1
38.985566	8.0	3.0	80.0	-53.3147	4314350.0	1170.0	3.0	143.0	7.0	1060.0	106.0	5847.0	143.0	7	fan	1
39.085746	8.0	3.0	80.0	-53.4264	3827780.0	1170.0	9.0	129.0	5.0	1080.0	110.0	2316.0	129.0	7	fan	1
39.186460	8.1	3.0	80.0	-53.4	1172310.0	1183.0	24.0	40.0	2.0	1038.0	35.0	616.0	40.0	7	fan	1
39.287098	8.00862	3.0	80.0	-53.4655	3351200.0	1171.12	11.0	116.0	9.0	1060.0	88.0	1483.0	116.0	7	fan	1
39.387500	8.31818	3.0	80.0	-53.2273	649395.0	1211.36	13.0	22.0	1.0	1066.0	19.0	2815.0	22.0	7	fan	1
39.488228	8.08642	3.0	80.0	-53.2716	2390790.0	1181.23	19.0	81.0	1.0	1037.0	61.0	3710.0	81.0	7	fan	1
39.589137	8.17391	3.0	80.0	-53.4565	1399250.0	1192.61	16.0	46.0	5.0	1168.0	37.0	8307.0	46.0	7	fan	1
39.689670	8.0087	3.0	80.0	-53.287	3384610.0	1171.13	9.0	115.0	4.0	1241.0	102.0	14230.0	115.0	7	fan	1
39.790943	8.0	3.0	80.0	-53.3712	3923220.0	1170.0	10.0	132.0	0.0	1250.0	111.0	6926.0	132.0	7	fan	1
39.891771	8.05	3.0	80.0	-53.36	2941350.0	1176.5	10.0	100.0	6.0	1255.0	80.0	1966.0	100.0	7	fan	1
39.992640	8.0625	3.0	80.0	-53.25	1892490.0	1178.12	29.0	64.0	0.0	1219.0	57.0	3966.0	64.0	7	fan	1
40.093022	8.07692	3.0	80.0	-53.2154	1932670.0	1180.0	13.0	65.0	3.0	1253.0	53.0	3364.0	65.0	7	fan	1
40.194203	8.35714	3.0	80.0	-53.4643	843649.0	1216.43	16.0	28.0	4.0	1242.0	22.0	5482.0	28.0	7	fan	1
40.294427	8.01408	3.0	80.0	-53.4085	2151760.0	1171.83	14.0	71.0	2.0	1194.0	54.0	6122.0	71.0	7	fan	1
40.395334	8.02013	3.0	80.0	-53.2953	4370300.0	1172.62	18.0	149.0	2.0	1278.0	120.0	4137.0	149.0	7	fan	1
40.495787	8.16667	3.0	80.0	-53.25	1376630.0	1191.67	18.0	48.0	3.0	1238.0	39.0	1408.0	48.0	7	fan	1
40.595940	8.03297	3.0	80.0	-53.2967	2727290.0	1174.29	13.0	91.0	7.0	1270.0	77.0	8277.0	91.0	7	fan	1
40.696449	8.05479	3.0	80.0	-53.3014	2238470.0	1177.12	11.0	73.0	2.0	1163.0	63.0	6690.0	73.0	7	fan	1
40.797155	8.24444	3.0	80.0	-53.4444	1340900.0	1201.78	13.0	45.0	3.0	1226.0	37.0	5457.0	45.0	7	fan	1
40.897843	8.07865	3.0	80.0	-53.3596	2711650.0	1180.22	20.0	89.0	6.0	1234.0	71.0	9658.0	89.0	7	fan	1
40.998728	8.01835	3.0	80.0	-53.3394	3212030.0	1172.39	6.0	109.0	2.0	1251.0	83.0	1907.0	109.0	7	fan	1
41.099168	8.0641	3.0	80.0	-53.2179	2378570.0	1178.33	12.0	78.0	4.0	1226.0	64.0	4426.0	78.0	7	fan	1
41.199881	8.14103	3.0	80.0	-53.3077	2326910.0	1188.33	26.0	78.0	10.0	1301.0	56.0	1358.0	78.0	7	fan	1
41.300884	8.07895	3.0	80.0	-53.4474	2184290.0	1180.26	35.0	76.0	3.0	1202.0	60.0	6528.0	76.0	7	fan	1
41.401281	8.14286	3.0	80.0	-53.4464	1685180.0	1188.57	25.0	56.0	3.0	1281.0	46.0	9620.0	56.0	7	fan	1
41.502290	8.58621	3.0	80.0	-53.5517	860657.0	1246.21	23.0	29.0	2.0	1278.0	23.0	5900.0	29.0	7	fan	1
41.602754	8.2037	3.0	80.0	-53.3148	1622360.0	1196.48	31.0	54.0	8.0	1238.0	40.0	9340.0	54.0	7	fan	1
41.702945	8.08537	3.0	80.0	-53.2683	2417860.0	1181.1	11.0	82.0	15.0	1252.0	55.0	13051.0	82.0	7	fan	1
41.804025	8.1	3.0	80.0	-53.2667	1751680.0	1183.0	27.0	60.0	5.0	1272.0	46.0	8572.0	60.0	7	fan	1
41.905154	8.08235	3.0	80.0	-53.4353	2503860.0	1180.71	22.0	85.0	5.0	1198.0	68.0	5164.0	85.0	7	fan	1
42.005677	8.31111	3.0	80.0	-53.3111	1373580.0	1210.44	43.0	45.0	2.0	1273.0	39.0	3979.0	45.0	7	fan	1
42.106759	8.16667	3.0	80.0	-53.1905	1273920.0	1191.67	16.0	42.0	8.0	1236.0	30.0	2521.0	42.0	7	fan	1
42.207614	8.17241	3.0	80.0	-53.3793	847078.0	1192.41	28.0	29.0	1.0	1147.0	22.0	4313.0	29.0	7	fan	1
42.308364	8.04286	3.0	80.0	-53.4857	2051060.0	1175.57	22.0	70.0	10.0	1015.0	52.0	4816.0	70.0	7	fan	1
42.409457	8.44	3.0	80.0	-53.36	766606.0	1227.2	15.0	25.0	2.0	1130.0	22.0	5110.0	25.0	7	fan	1
42.509507	8.05155	3.0	80.0	-53.4021	2916120.0	1176.7	31.0	97.0	10.0	1190.0	79.0	5698.0	97.0	7	fan	1
42.610412	8.0614	3.0	80.0	-53.3596	3355220.0	1177.98	24.0	114.0	9.0	1259.0	89.0	8281.0	114.0	7	fan	1
42.711685	8.03419	3.0	80.0	-53.3162	3450250.0	1174.44	14.0	117.0	4.0	1215.0	103.0	7961.0	117.0	7	fan	1
42.812203	8.6	3.0	80.0	-53.4857	1085190.0	1248.0	15.0	35.0	2.0	1232.0	30.0	8652.0	35.0	7	fan	1
42.912907	8.2	3.0	80.0	-53.3333	1357260.0	1196.0	19.0	45.0	2.0	1154.0	41.0	2276.0	45.0	7	fan	1
43.014118	8.12963	3.0	80.0	-53.2593	1580250.0	1186.85	28.0	54.0	2.0	1222.0	47.0	9348.0	54.0	7	fan	1
43.115352	8.02083	3.0	80.0	-53.375	4262530.0	1172.71	10.0	144.0	7.0	1172.0	113.0	1413.0	144.0	7	fan	1
43.215989	8.06757	3.0	80.0	-53.5	2160270.0	1178.78	25.0	74.0	6.0	1239.0	60.0	10354.0	74.0	7	fan	1
43.316678	8.08974	3.0	80.0	-53.2949	2358030.0	1181.67	17.0	78.0	9.0	1189.0	65.0	5014.0	78.0	7	fan	1
43.416692	8.17544	3.0	80.0	-53.2632	1692440.0	1192.81	27.0	57.0	3.0	1242.0	48.0	3039.0	57.0	7	fan	1
43.517265	8.14286	3.0	80.0	-53.4286	1465990.0	1188.57	14.0	49.0	3.0	1189.0	42.0	5792.0	49.0	7	fan	1
43.617434	8.05102	3.0	80.0	-53.3469	2929070.0	1176.63	15.0	98.0	7.0	1235.0	80.0	7746.0	98.0	7	fan	1
43.717584	8.26667	3.0	80.0	-53.3333	899808.0	1204.67	15.0	30.0	4.0	1036.0	20.0	4232.0	30.0	7	fan	1
43.817639	8.04054	3.0	80.0	-53.5541	2248520.0	1175.27	14.0	74.0	3.0	1088.0	67.0	9211.0	74.0	7	fan	1
43.918119	8.07059	3.0	80.0	-53.3882	2564630.0	1179.18	17.0	85.0	5.0	1045.0	67.0	6121.0	85.0	7	fan	1
44.019206	8.02703	3.0	80.0	-53.3604	3168330.0	1173.51	12.0	111.0	6.0	1105.0	88.0	7864.0	111.0	7	fan	1
44.120641	8.0	3.0	80.0	-53.3824	5020800.0	1170.0	15.0	170.0	10.0	1057.0	122.0	5473.0	170.0	7	fan	1
44.221187	8.18519	3.0	80.0	-53.4074	1636340.0	1194.07	28.0	54.0	3.0	1072.0	41.0	7052.0	54.0	7	fan	1
44.322069	8.0625	3.0	80.0	-53.3125	2860760.0	1178.12	12.0	96.0	4.0	1077.0	82.0	5908.0	96.0	7	fan	1
44.423135	8.07692	3.0	80.0	-53.3846	2719650.0	1180.0	18.0	91.0	6.0	1083.0	78.0	3774.0	91.0	7	fan	1
44.523448	8.0	3.0	80.0	-53.4509	5170170.0	1170.0	5.0	173.0	11.0	1067.0	131.0	7280.0	173.0	7	fan	1
44.623737	8.0339	3.0	80.0	-53.3898	1779910.0	1174.41	23.0	59.0	5.0	1042.0	43.0	2616.0	59.0	7	fan	1
44.723903	8.00855	3.0	80.0	-53.3932	3487880.0	1171.11	10.0	117.0	21.0	1069.0	80.0	2660.0	117.0	7	fan	1
44.825059	8.0	3.0	80.0	-53.5076	3869430.0	1170.0	4.0	132.0	8.0	1039.0	105.0	8749.0	132.0	7	fan	1
44.925274	8.0	3.0	80.0	-53.3191	4274130.0	1170.0	7.0	141.0	6.0	1063.0	121.0	11738.0	141.0	7	fan	1
45.026415	8.0	3.0	80.0	-53.3824	4990630.0	1170.0	7.0	170.0	7.0	1073.0	138.0	5740.0	170.0	7	fan	1
45.126439	8.0	3.0	80.0	-53.543	4518160.0	1170.0	9.0	151.0	5.0	993.0	126.0	16163.0	151.0	7	fan	1
45.226490	8.0	3.0	80.0	-53.3881	3973730.0	1170.0	8.0	134.0	1.0	1006.0	111.0	6103.0	134.0	7	fan	1
45.327612	8.13333	3.0	80.0	-53.4	1796690.0	1187.33	21.0	60.0	5.0	1027.0	45.0	1689.0	60.0	7	fan	1
45.427650	8.09091	3.0	80.0	-53.3818	1615080.0	1181.82	25.0	55.0	2.0	1063.0	49.0	6888.0	55.0	7	fan	1
45.528812	8.04938	3.0	80.0	-53.321	2364270.0	1176.42	17.0	81.0	3.0	1094.0	72.0	573.0	81.0	7	fan	1
45.628851	8.08861	3.0	80.0	-53.3165	2388700.0	1181.52	17.0	79.0	6.0	1224.0	63.0	4659.0	79.0	7	fan	1
45.728865	8.13793	3.0	80.0	-53.3678	2607750.0	1187.93	39.0	87.0	5.0	1275.0	71.0	5317.0	87.0	7	fan	1
45.828913	8.06897	3.0	80.0	-53.5402	2637050.0	1178.97	29.0	87.0	3.0	1254.0	73.0	3104.0	87.0	7	fan	1
45.929689	8.90909	3.0	80.0	-53.4545	677260.0	1288.18	31.0	22.0	3.0	1228.0	19.0	7281.0	22.0	7	fan	1
46.029910	8.2	3.0	80.0	-53.3429	1053490.0	1196.0	32.0	35.0	3.0	1231.0	32.0	5040.0	35.0	7	fan	1
46.131163	8.12308	3.0	80.0	-53.4923	1961970.0	1186.0	34.0	65.0	0.0	1242.0	57.0	3158.0	65.0	7	fan	1
46.231753	8.22727	3.0	80.0	-53.5455	663345.0	1199.55	20.0	22.0	2.0	1189.0	17.0	1375.0	22.0	7	fan	1
46.331756	8.04651	3.0	80.0	-53.4302	2621920.0	1176.05	37.0	86.0	4.0	1227.0	68.0	12057.0	86.0	7	fan	1
46.432541	8.19355	3.0	80.0	-53.1613	924040.0	1195.16	19.0	31.0	5.0	1233.0	25.0	5808.0	31.0	7	fan	1
46.532658	8.11765	3.0	80.0	-53.5	2061090.0	1185.29	30.0	68.0	7.0	1186.0	56.0	5244.0	68.0	7	fan	1
46.633786	8.11765	3.0	80.0	-53.4559	2025170.0	1185.29	29.0	68.0	15.0	1206.0	44.0	5387.0	68.0	7	fan	1
46.733794	8.03797	3.0	80.0	-53.4684	2329100.0	1174.94	32.0	79.0	5.0	1213.0	58.0	5034.0	79.0	7	fan	1
46.835137	8.45161	3.0	80.0	-53.3548	919197.0	1228.71	30.0	31.0	3.0	1209.0	26.0	4577.0	31.0	7	fan	1
46.935311	8.53333	3.0	80.0	-53.4667	914228.0	1239.33	37.0	30.0	3.0	1238.0	25.0	6465.0	30.0	7	fan	1
47.036135	8.0	3.0	80.0	-53.462	4710620.0	1170.0	13.0	158.0	9.0	1191.0	120.0	2967.0	158.0	7	fan	1
47.137496	8.0	3.0	80.0	-53.4511	5450590.0	1170.0	13.0	184.0	8.0	1266.0	154.0	8303.0	184.0	7	fan	1
47.238343	8.0	3.0	80.0	-53.4476	4247930.0	1170.0	13.0	143.0	13.0	1235.0	113.0	11234.0	143.0	7	fan	1
47.339042	8.0	3.0	80.0	-53.4236	4345410.0	1170.0	19.0	144.0	10.0	1223.0	115.0	11112.0	144.0	7	fan	1
47.439276	8.0	3.0	80.0	-53.3937	3780440.0	1170.0	15.0	127.0	7.0	1098.0	104.0	5109.0	127.0	7	fan	1
47.539981	8.31034	3.0	80.0	-53.4828	893564.0	1210.34	32.0	29.0	3.0	1176.0	23.0	1643.0	29.0	7	fan	1
47.641183	8.07792	3.0	80.0	-53.4675	2315570.0	1180.13	13.0	77.0	2.0	1212.0	70.0	1866.0	77.0	7	fan	1
47.741910	8.23684	3.0	80.0	-53.5	1155140.0	1200.79	38.0	38.0	2.0	1209.0	33.0	6084.0	38.0	7	fan	1
47.842208	8.09589	3.0	80.0	-53.5068	2151310.0	1182.47	18.0	73.0	5.0	1162.0	55.0	7651.0	73.0	7	fan	1
47.942837	8.11111	3.0	80.0	-53.5111	2714040.0	1184.44	24.0	90.0	3.0	1227.0	77.0	2891.0	90.0	7	fan	1
48.043083	8.225	3.0	80.0	-53.525	1207870.0	1199.25	23.0	40.0	4.0	1066.0	35.0	2690.0	40.0	7	fan	1
48.143709	8.01429	3.0	80.0	-53.5429	4150810.0	1171.86	15.0	140.0	8.0	1054.0	112.0	2739.0	140.0	7	fan	1
48.244665	8.0	3.0	80.0	-53.5865	3907790.0	1170.0	9.0	133.0	16.0	1037.0	105.0	7765.0	133.0	7	fan	1
48.345240	8.03704	3.0	80.0	-53.4815	2392520.0	1174.81	25.0	81.0	9.0	1102.0	61.0	2910.0	81.0	7	fan	1
48.445868	8.42857	3.0	80.0	-53.5	833604.0	1225.71	27.0	28.0	3.0	1034.0	23.0	5493.0	28.0	7	fan	1
48.546913	8.17949	3.0	80.0	-53.4103	1197030.0	1193.33	24.0	39.0	6.0	1074.0	26.0	2754.0	39.0	7	fan	1
48.647887	8.04706	3.0	80.0	-53.6353	2521500.0	1176.12	17.0	85.0	4.0	1035.0	70.0	5782.0	85.0	7	fan	1
48.748666	8.11594	3.0	80.0	-53.5072	2034170.0	1185.07	35.0	69.0	4.0	1072.0	55.0	6478.0	69.0	7	fan	1
48.848710	8.0283	3.0	80.0	-53.5	3227200.0	1173.68	21.0	106.0	7.0	1030.0	86.0	7322.0	106.0	7	fan	1
48.949177	8.38889	3.0	80.0	-53.1667	525984.0	1220.56	30.0	18.0	2.0	1056.0	14.0	1442.0	18.0	7	fan	1
49.050284	8.02564	3.0	80.0	-53.5128	2348850.0	1173.33	16.0	78.0	3.0	1037.0	70.0	876.0	78.0	7	fan	1
49.150406	8.30303	3.0	80.0	-53.3636	978245.0	1209.39	21.0	33.0	1.0	1038.0	31.0	6627.0	33.0	7	fan	1
49.251460	7.2972	3.0	80.0	-52.542	8224370.0	1031.14	21.0	286.0	3.0	1053.0	66.0	4245.0	84.0	7	fan	1
49.352047	7.0	3.0	80.0	-52.2446	36084500.0	975.0	0.0	1239.0	6.0	1270.0	23.0	2272.0	77.0	7	fan	1
49.453192	7.44792	3.0	80.0	-52.8194	8426770.0	1062.12	7.0	288.0	3.0	1260.0	113.0	2047.0	131.0	7	fan	1
49.554150	8.10526	3.0	80.0	-53.3684	2843520.0	1183.68	30.0	95.0	10.0	1235.0	76.0	6128.0	95.0	7	fan	1
49.654700	8.06849	3.0	80.0	-53.5753	2176390.0	1178.9	21.0	73.0	4.0	1136.0	59.0	5805.0	73.0	7	fan	1
49.754725	8.04688	3.0	80.0	-53.3906	1924450.0	1176.09	49.0	64.0	4.0	1242.0	52.0	5820.0	64.0	7	fan	1
49.855494	8.08108	3.0	80.0	-53.1622	2173300.0	1180.54	42.0	74.0	6.0	1247.0	55.0	5089.0	74.0	7	fan	1
49.955719	8.11268	3.0	80.0	-53.3803	2106520.0	1184.65	18.0	71.0	8.0	1219.0	54.0	9386.0	71.0	7	fan	1
50.056114	8.0	3.0	80.0	-53.3742	4930200.0	1170.0	14.0	163.0	13.0	1259.0	136.0	3462.0	163.0	7	fan	1
50.156984	8.04211	3.0	80.0	-53.4632	2816200.0	1175.47	15.0	95.0	11.0	1291.0	72.0	13889.0	95.0	7	fan	1
50.257310	8.12	3.0	80.0	-53.5467	2258090.0	1185.6	37.0	75.0	6.0	1202.0	61.0	4368.0	75.0	7	fan	1
50.358504	8.10989	3.0	80.0	-53.4615	2714560.0	1184.29	36.0	91.0	7.0	1242.0	73.0	13242.0	91.0	7	fan	1
50.459107	8.07895	3.0	80.0	-53.5263	2297830.0	1180.26	16.0	76.0	4.0	1251.0	65.0	6960.0	76.0	7	fan	1
50.559548	8.01739	3.0	80.0	-53.487	3460220.0	1172.26	15.0	115.0	10.0	1257.0	92.0	5925.0	115.0	7	fan	1
50.660803	8.125	3.0	80.0	-53.5	1715150.0	1186.25	31.0	56.0	4.0	1228.0	47.0	7397.0	56.0	7	fan	1
50.761844	8.05357	3.0	80.0	-53.6071	1629590.0	1176.96	35.0	56.0	5.0	1277.0	42.0	3983.0	56.0	7	fan	1
50.862290	8.10345	3.0	80.0	-53.4828	1761230.0	1183.45	19.0	58.0	3.0	1049.0	52.0	2360.0	58.0	7	fan	1
50.963252	8.05714	3.0	80.0	-53.4	2001660.0	1177.43	16.0	70.0	2.0	1054.0	57.0	2587.0	70.0	7	fan	1
51.063690	8.07229	3.0	80.0	-53.0602	2458860.0	1178.61	24.0	83.0	6.0	1036.0	67.0	11001.0	82.0	7	fan	1
51.164246	8.5	3.0	80.0	-53.4167	370300.0	1235.0	20.0	12.0	2.0	1032.0	10.0	1358.0	12.0	7	fan	1
51.264849	8.02542	3.0	80.0	-53.4237	3444400.0	1173.31	17.0	118.0	5.0	1064.0	100.0	10921.0	118.0	7	fan	1
51.365211	8.22581	3.0	80.0	-53.3548	957877.0	1199.35	12.0	31.0	0.0	1037.0	27.0	5440.0	31.0	7	fan	1
51.465607	8.05556	3.0	80.0	-53.5139	2163950.0	1177.22	21.0	72.0	5.0	1084.0	57.0	1914.0	72.0	7	fan	1
51.566529	8.07792	3.0	80.0	-53.3766	2292810.0	1180.13	26.0	77.0	9.0	1077.0	60.0	2477.0	77.0	7	fan	1
51.667723	9.0	3.0	80.0	-53.3333	353007.0	1300.0	14.0	12.0	0.0	1017.0	12.0	4618.0	12.0	7	fan	1
51.767824	8.09375	3.0	80.0	-53.5312	931894.0	1182.19	21.0	32.0	1.0	1061.0	29.0	3415.0	32.0	7	fan	1
51.868916	8.09804	3.0	80.0	-53.4314	1476150.0	1182.75	25.0	51.0	4.0	985.0	45.0	3813.0	51.0	7	fan	1
51.969620	8.06522	3.0	80.0	-53.4891	2729510.0	1178.48	23.0	92.0	2.0	1187.0	76.0	11814.0	92.0	7	fan	1
52.070679	8.07018	3.0	80.0	-53.5614	1734870.0	1179.12	22.0	57.0	1.0	1194.0	49.0	2934.0	57.0	7	fan	1
52.171412	8.15625	3.0	80.0	-53.625	1910680.0	1190.31	36.0	64.0	7.0	1226.0	52.0	3506.0	64.0	7	fan	1
52.271479	8.13462	3.0	80.0	-53.4808	1551760.0	1187.5	14.0	52.0	2.0	1226.0	45.0	5383.0	52.0	7	fan	1
52.372274	8.08247	3.0	80.0	-53.4948	2910180.0	1180.72	8.0	97.0	5.0	1165.0	78.0	6380.0	97.0	7	fan	1
52.472277	8.16949	3.0	80.0	-53.339	1769360.0	1192.03	13.0	59.0	2.0	1243.0	51.0	8484.0	59.0	7	fan	1
52.572765	8.05319	3.0	80.0	-53.4468	2826090.0	1176.91	17.0	94.0	6.0	1184.0	76.0	4797.0	94.0	7	fan	1
52.672955	8.25	3.0	80.0	-53.5625	975453.0	1202.5	29.0	32.0	3.0	1223.0	28.0	5828.0	32.0	7	fan	1
52.773709	8.43478	3.0	80.0	-53.2609	693134.0	1226.52	21.0	23.0	2.0	1212.0	21.0	7552.0	23.0	7	fan	1
52.873717	8.13725	3.0	80.0	-53.4314	1536480.0	1187.84	16.0	51.0	1.0	1141.0	44.0	7529.0	51.0	7	fan	1
52.974859	8.02667	3.0	80.0	-53.4	2211710.0	1173.47	20.0	75.0	6.0	1032.0	58.0	2869.0	75.0	7	fan	1
53.074983	8.05405	3.0	80.0	-53.4189	2217670.0	1177.03	14.0	74.0	4.0	1060.0	61.0	7583.0	74.0	7	fan	1
53.175752	8.23077	3.0	80.0	-53.6154	740663.0	1200.0	16.0	26.0	1.0	1046.0	21.0	4485.0	26.0	7	fan	1
53.275857	9.0	3.0	80.0	-53.5833	371730.0	1300.0	14.0	12.0	0.0	1028.0	12.0	1944.0	12.0	7	fan	1
53.376277	8.85714	3.0	80.0	-53.7143	216072.0	1281.43	28.0	7.0	0.0	1067.0	7.0	1628.0	7.0	7	fan	1
53.476377	8.10345	3.0	80.0	-53.569	1752190.0	1183.45	30.0	58.0	5.0	1023.0	42.0	9199.0	58.0	7	fan	1
53.576699	9.0	3.0	80.0	-53.4615	387433.0	1300.0	10.0	13.0	1.0	1062.0	12.0	6182.0	13.0	7	fan	1
53.677597	8.16418	3.0	80.0	-53.4328	2015020.0	1191.34	23.0	67.0	9.0	1058.0	53.0	4546.0	67.0	7	fan	1
53.778413	8.05556	3.0	80.0	-53.5556	2739760.0	1177.22	15.0	90.0	4.0	1036.0	71.0	5435.0	90.0	7	fan	1
53.879479	8.06329	3.0	80.0	-53.4304	2379770.0	1178.23	15.0	79.0	5.0	1088.0	65.0	5619.0	79.0	7	fan	1
53.980027	8.10417	3.0	80.0	-53.4583	1390610.0	1183.54	18.0	48.0	2.0	1046.0	43.0	2554.0	48.0	7	fan	1
54.080180	8.0	3.0	80.0	-53.4656	3936990.0	1170.0	18.0	131.0	9.0	1041.0	102.0	278.0	131.0	7	fan	1
54.181602	8.00781	3.0	80.0	-53.4531	3708200.0	1171.02	15.0	128.0	9.0	942.0	98.0	7546.0	128.0	7	fan	1
54.282505	8.28	3.0	80.0	-53.4	1507620.0	1206.4	17.0	50.0	8.0	1076.0	39.0	3257.0	50.0	7	fan	1
54.382851	8.05455	3.0	80.0	-53.5818	1655640.0	1177.09	14.0	55.0	1.0	1043.0	49.0	5846.0	55.0	7	fan	1
54.483428	8.1746	3.0	80.0	-53.5397	1868610.0	1192.7	27.0	63.0	1.0	1077.0	58.0	5414.0	63.0	7	fan	1
54.583636	8.12281	3.0	80.0	-53.5088	1705250.0	1185.96	21.0	57.0	0.0	1072.0	45.0	6993.0	57.0	7	fan	1
54.684099	8.03279	3.0	80.0	-53.4344	3647540.0	1174.26	11.0	122.0	4.0	1055.0	96.0	8212.0	122.0	7	fan	1
54.784625	8.09722	3.0	80.0	-53.4306	2163300.0	1182.64	14.0	72.0	8.0	1062.0	59.0	6930.0	72.0	7	fan	1
54.885597	8.06849	3.0	80.0	-53.3151	2198820.0	1178.9	34.0	73.0	3.0	1054.0	57.0	3536.0	73.0	7	fan	1
54.986179	8.01818	3.0	80.0	-53.4273	3319260.0	1172.36	12.0	110.0	7.0	1073.0	90.0	4228.0	110.0	7	fan	1
55.086791	8.02	3.0	80.0	-53.42	1497540.0	1172.6	29.0	50.0	3.0	1051.0	43.0	4440.0	50.0	7	fan	1
55.187775	8.01905	3.0	80.0	-53.5619	3135870.0	1172.48	13.0	105.0	8.0	1033.0	77.0	3952.0	105.0	7	fan	1
55.288938	8.30435	3.0	80.0	-53.3913	675486.0	1209.57	33.0	23.0	4.0	1039.0	19.0	2158.0	23.0	7	fan	1
55.390145	8.08955	3.0	80.0	-53.4328	1993680.0	1181.64	28.0	67.0	8.0	1035.0	53.0	4927.0	67.0	7	fan	1
55.490802	8.18919	3.0	80.0	-53.5135	1079930.0	1194.59	34.0	37.0	5.0	1085.0	26.0	3462.0	37.0	7	fan	1
55.591056	8.55556	3.0	80.0	-53.5556	279070.0	1242.22	22.0	9.0	2.0	1062.0	7.0	1303.0	9.0	7	fan	1
55.691751	8.04301	3.0	80.0	-53.3978	2774850.0	1175.59	33.0	93.0	10.0	1023.0	75.0	6981.0	93.0	7	fan	1
55.792311	8.02083	3.0	80.0	-53.5417	2810780.0	1172.71	8.0	96.0	7.0	1066.0	77.0	2351.0	96.0	7	fan	1
55.892735	8.17647	3.0	80.0	-53.4314	1471240.0	1192.94	22.0	51.0	2.0	1053.0	44.0	7058.0	51.0	7	fan	1
55.993094	8.47826	3.0	80.0	-53.3913	681020.0	1232.17	22.0	23.0	3.0	1043.0	17.0	1898.0	23.0	7	fan	1
56.093711	8.0241	3.0	80.0	-53.4458	2484510.0	1173.13	10.0	83.0	5.0	1063.0	71.0	3130.0	83.0	7	fan	1
56.194292	8.18182	3.0	80.0	-53.3636	1637180.0	1193.64	17.0	55.0	3.0	1038.0	48.0	5447.0	55.0	7	fan	1
56.295106	8.00758	3.0	80.0	-53.3485	3941470.0	1170.98	2.0	132.0	5.0	1160.0	111.0	6074.0	132.0	7	fan	1
56.395957	8.04511	3.0	80.0	-53.4286	3941150.0	1175.86	13.0	133.0	4.0	1179.0	103.0	4806.0	133.0	7	fan	1
56.496366	8.06897	3.0	80.0	-53.3678	2642980.0	1178.97	6.0	87.0	5.0	1207.0	73.0	6714.0	87.0	7	fan	1
56.596562	8.0	3.0	80.0	-53.3904	4429460.0	1170.0	9.0	146.0	6.0	1227.0	126.0	3422.0	146.0	7	fan	1
56.696738	8.0	3.0	80.0	-53.5145	4109130.0	1170.0	5.0	138.0	5.0	1181.0	109.0	3327.0	138.0	7	fan	1
56.796826	8.0	3.0	80.0	-53.4133	4512770.0	1170.0	15.0	150.0	11.0	1212.0	116.0	6719.0	150.0	7	fan	1
56.897072	8.0	3.0	80.0	-53.4965	4289350.0	1170.0	12.0	143.0	4.0	1238.0	121.0	7974.0	143.0	7	fan	1
56.997132	8.0303	3.0	80.0	-53.4141	2932960.0	1173.94	20.0	99.0	6.0	1182.0	77.0	6002.0	99.0	7	fan	1
57.097803	8.0	3.0	80.0	-53.5079	1911510.0	1170.0	17.0	63.0	0.0	1102.0	56.0	880.0	63.0	7	fan	1
57.198182	8.02222	3.0	80.0	-53.5111	2646450.0	1172.89	11.0	90.0	7.0	1014.0	70.0	2487.0	90.0	7	fan	1
57.299001	8.17391	3.0	80.0	-53.3043	1385610.0	1192.61	9.0	46.0	2.0	1072.0	40.0	8328.0	46.0	7	fan	1
57.399090	8.04598	3.0	80.0	-53.4253	2652300.0	1175.98	23.0	87.0	6.0	1066.0	68.0	9867.0	87.0	7	fan	1
57.500473	8.0	3.0	80.0	-53.5259	3937620.0	1170.0	5.0	135.0	9.0	1056.0	111.0	6913.0	135.0	7	fan	1
57.600899	8.0	3.0	80.0	-53.5	3586700.0	1170.0	11.0	120.0	8.0	1053.0	94.0	6396.0	120.0	7	fan	1
57.701940	8.13636	3.0	80.0	-53.4091	630653.0	1187.73	24.0	22.0	4.0	957.0	18.0	1484.0	22.0	7	fan	1
57.802298	8.11688	3.0	80.0	-53.4935	2305120.0	1185.19	25.0	77.0	7.0	1035.0	62.0	8770.0	77.0	7	fan	1
57.902832	8.13559	3.0	80.0	-53.4746	1805330.0	1187.63	21.0	59.0	4.0	1107.0	46.0	1361.0	59.0	7	fan	1
58.003234	8.03061	3.0	80.0	-53.3673	2939140.0	1173.98	12.0	98.0	3.0	1040.0	84.0	5002.0	98.0	7	fan	1
58.103547	8.03226	3.0	80.0	-53.3871	1872600.0	1174.19	19.0	62.0	3.0	1062.0	52.0	3876.0	62.0	7	fan	1
58.204328	8.25	3.0	80.0	-53.5417	708546.0	1202.5	21.0	24.0	2.0	1037.0	20.0	5796.0	24.0	7	fan	1
58.305496	8.18	3.0	80.0	-53.44	1474570.0	1193.4	28.0	50.0	8.0	1076.0	39.0	5203.0	50.0	7	fan	1
58.406805	8.11842	3.0	80.0	-53.4737	2238540.0	1185.39	9.0	76.0	5.0	1019.0	59.0	4013.0	76.0	7	fan	1
58.506811	8.00633	3.0	80.0	-53.5063	4794810.0	1170.82	7.0	158.0	9.0	1237.0	126.0	7992.0	158.0	7	fan	1
58.607248	8.06557	3.0	80.0	-53.4754	1808560.0	1178.52	38.0	61.0	8.0	1204.0	47.0	6047.0	61.0	7	fan	1
58.707725	8.12903	3.0	80.0	-53.3226	1868960.0	1186.77	32.0	62.0	8.0	1178.0	45.0	4135.0	62.0	7	fan	1
58.808927	8.02941	3.0	80.0	-53.5588	2024270.0	1173.82	20.0	68.0	5.0	1236.0	61.0	5730.0	68.0	7	fan	1
58.909609	8.01681	3.0	80.0	-53.5882	3532030.0	1172.18	9.0	119.0	5.0	1184.0	102.0	15822.0	119.0	7	fan	1
59.009645	8.25532	3.0	80.0	-53.4255	1442430.0	1203.19	29.0	47.0	3.0	1233.0	42.0	5091.0	47.0	7	fan	1
59.110897	8.05556	3.0	80.0	-53.5	2116820.0	1177.22	27.0	72.0	4.0	1203.0	58.0	4805.0	72.0	7	fan	1
59.211935	8.08511	3.0	80.0	-53.4468	2840800.0	1181.06	31.0	94.0	4.0	1262.0	77.0	6874.0	94.0	7	fan	1
59.312542	8.06667	3.0	80.0	-53.3778	2684430.0	1178.67	40.0	90.0	11.0	1263.0	72.0	3878.0	90.0	7	fan	1
59.412683	8.07407	3.0	80.0	-53.5	1612010.0	1179.63	32.0	54.0	5.0	1203.0	41.0	4251.0	54.0	7	fan	1
59.512758	8.23529	3.0	80.0	-53.5882	1038970.0	1200.59	39.0	34.0	6.0	1261.0	25.0	1790.0	34.0	7	fan	1
59.613824	8.04464	3.0	80.0	-53.3839	3317960.0	1175.8	14.0	112.0	7.0	1223.0	92.0	14212.0	112.0	7	fan	1
59.713852	8.0	3.0	80.0	-53.4198	4766980.0	1170.0	11.0	162.0	9.0	1252.0	126.0	1984.0	162.0	7	fan	1
59.814707	8.00885	3.0	80.0	-53.4513	3415290.0	1171.15	14.0	113.0	6.0	1261.0	96.0	2200.0	113.0	7	fan	1
59.915119	8.0	3.0	80.0	-53.4211	2860410.0	1170.0	26.0	95.0	5.0	1233.0	81.0	1708.0	95.0	7	fan	1
60.015973	8.22917	3.0	80.0	-53.4375	1431800.0	1199.79	29.0	48.0	8.0	1231.0	36.0	4927.0	48.0	7	fan	1
60.116186	8.125	3.0	80.0	-53.3594	1965910.0	1186.25	50.0	64.0	5.0	1228.0	51.0	1708.0	64.0	7	fan	1
60.217048	8.03093	3.0	80.0	-53.4433	2908600.0	1174.02	25.0	97.0	5.0	1237.0	85.0	4874.0	97.0	7	fan	1
60.318184	8.02439	3.0	80.0	-53.4878	2439940.0	1173.17	12.0	82.0	3.0	1238.0	73.0	11329.0	82.0	7	fan	1
60.419423	8.08219	3.0	80.0	-53.5616	2206210.0	1180.68	29.0	73.0	13.0	1206.0	56.0	2423.0	73.0	7	fan	1
60.520222	8.0	3.0	80.0	-53.5461	4422580.0	1170.0	7.0	152.0	6.0	1262.0	129.0	7057.0	152.0	7	fan	1
60.621555	8.0	3.0	80.0	-53.3533	4872380.0	1170.0	8.0	167.0	5.0	1206.0	135.0	7733.0	167.0	7	fan	1
60.721720	8.02597	3.0	80.0	-53.5584	2293460.0	1173.38	20.0	77.0	5.0	1173.0	59.0	5089.0	77.0	7	fan	1
60.822883	8.05102	3.0	80.0	-53.5204	2915870.0	1176.63	22.0	98.0	5.0	1274.0	76.0	4595.0	98.0	7	fan	1
60.923770	8.18519	3.0	80.0	-53.3519	1585790.0	1194.07	43.0	54.0	3.0	1232.0	47.0	3929.0	54.0	7	fan	1
61.024950	8.08824	3.0	80.0	-53.3824	2039310.0	1181.47	31.0	68.0	9.0	1238.0	57.0	652.0	68.0	7	fan	1
61.125540	8.61538	3.0	80.0	-53.3077	400855.0	1250.0	27.0	13.0	3.0	1257.0	10.0	709.0	13.0	7	fan	1
61.225607	8.25806	3.0	80.0	-53.5161	930919.0	1203.55	25.0	31.0	4.0	1208.0	27.0	5687.0	31.0	7	fan	1
61.326080	8.07563	3.0	80.0	-53.437	3523110.0	1179.83	17.0	119.0	7.0	1225.0	97.0	11624.0	119.0	7	fan	1
61.427074	8.0	3.0	80.0	-53.4964	4042820.0	1170.0	15.0	137.0	12.0	1259.0	112.0	10759.0	137.0	7	fan	1
61.527107	8.0	3.0	80.0	-53.388	5568020.0	1170.0	19.0	183.0	14.0	1216.0	138.0	6805.0	183.0	7	fan	1
61.628484	8.0	3.0	80.0	-53.3586	4316810.0	1170.0	22.0	145.0	5.0	1298.0	119.0	8304.0	145.0	7	fan	1
61.728629	8.09639	3.0	80.0	-53.5422	2480010.0	1182.53	36.0	83.0	8.0	1223.0	64.0	4430.0	83.0	7	fan	1
61.828750	8.21429	3.0	80.0	-53.4762	1256030.0	1197.86	37.0	42.0	2.0	1209.0	36.0	9975.0	42.0	7	fan	1
61.929885	8.32258	3.0	80.0	-53.3226	876176.0	1211.94	38.0	31.0	5.0	1276.0	25.0	4971.0	31.0	7	fan	1
62.031014	8.16667	3.0	80.0	-53.5667	1810480.0	1191.67	28.0	60.0	6.0	1254.0	45.0	4647.0	60.0	7	fan	1
62.131992	8.01639	3.0	80.0	-53.4754	3657510.0	1172.13	31.0	122.0	3.0	1221.0	107.0	14368.0	122.0	7	fan	1
62.232361	8.23529	3.0	80.0	-53.4706	1005620.0	1200.59	25.0	34.0	5.0	1281.0	26.0	2581.0	34.0	7	fan	1
62.333357	8.05172	3.0	80.0	-53.4828	3427720.0	1176.72	24.0	116.0	3.0	1238.0	96.0	4809.0	116.0	7	fan	1
62.433573	8.32258	3.0	80.0	-53.4839	928941.0	1211.94	46.0	31.0	8.0	1254.0	23.0	5659.0	31.0	7	fan	1
62.534587	8.52	3.0	80.0	-53.64	722352.0	1237.6	26.0	25.0	6.0	1177.0	18.0	2330.0	25.0	7	fan	1
62.635025	8.28571	3.0	80.0	-53.3095	1236990.0	1207.14	38.0	42.0	1.0	1233.0	34.0	6435.0	42.0	7	fan	1
62.735648	8.04348	3.0	80.0	-53.4638	2052250.0	1175.65	25.0	69.0	2.0	1175.0	60.0	5718.0	69.0	7	fan	1
62.835715	8.33333	3.0	80.0	-53.3333	1164290.0	1213.33	29.0	39.0	3.0	1208.0	31.0	6054.0	39.0	7	fan	1
62.936831	8.10294	3.0	80.0	-53.5147	2071850.0	1183.38	19.0	68.0	5.0	1143.0	57.0	4568.0	68.0	7	fan	1
63.037758	8.36	3.0	80.0	-53.2	753934.0	1216.8	29.0	25.0	3.0	1197.0	21.0	3239.0	25.0	7	fan	1
63.138373	8.51515	3.0	80.0	-53.6364	1002240.0	1236.97	27.0	33.0	4.0	1173.0	28.0	3805.0	33.0	7	fan	1
63.238394	8.0146	3.0	80.0	-53.4745	4067260.0	1171.9	17.0	137.0	9.0	1202.0	104.0	3576.0	137.0	7	fan	1
63.338403	8.00794	3.0	80.0	-53.5159	3862600.0	1171.03	5.0	126.0	6.0	1190.0	104.0	6008.0	126.0	7	fan	1
63.439435	8.25	3.0	80.0	-53.4615	1551580.0	1202.5	39.0	52.0	5.0	1239.0	43.0	2883.0	52.0	7	fan	1
63.539463	8.12727	3.0	80.0	-53.5091	1660170.0	1186.55	28.0	55.0	4.0	1190.0	42.0	1396.0	55.0	7	fan	1
63.639856	8.14667	3.0	80.0	-53.48	2256850.0	1189.07	19.0	75.0	4.0	1233.0	65.0	4395.0	75.0	7	fan	1
63.740906	8.0989	3.0	80.0	-53.4396	2629220.0	1182.86	27.0	91.0	10.0	1261.0	70.0	1931.0	91.0	7	fan	1
63.841473	8.0	3.0	80.0	-53.3944	4334680.0	1170.0	26.0	142.0	11.0	1098.0	112.0	1851.0	142.0	7	fan	1
63.941751	8.0566	3.0	80.0	-53.6038	1594740.0	1177.36	18.0	53.0	2.0	1072.0	44.0	1764.0	53.0	7	fan	1
64.042685	8.11667	3.0	80.0	-53.4333	1768730.0	1185.17	29.0	60.0	9.0	1084.0	44.0	3711.0	60.0	7	fan	1
64.142807	8.16981	3.0	80.0	-53.1509	1582690.0	1192.08	26.0	53.0	7.0	1048.0	41.0	3957.0	53.0	7	fan	1
64.243411	8.08333	3.0	80.0	-53.3958	1435350.0	1180.83	44.0	48.0	3.0	1075.0	34.0	6035.0	48.0	7	fan	1
64.344318	8.0	3.0	80.0	-53.4397	4244580.0	1170.0	11.0	141.0	6.0	1183.0	117.0	5722.0	141.0	7	fan	1
64.445452	8.13953	3.0	80.0	-53.4419	1288340.0	1188.14	24.0	43.0	6.0	1271.0	35.0	3994.0	43.0	7	fan	1
64.546480	8.09259	3.0	80.0	-52.3981	3225900.0	1182.04	29.0	108.0	12.0	1221.0	81.0	8779.0	108.0	7	fan	1
64.646483	8.1746	3.0	80.0	-52.4603	1939320.0	1192.7	47.0	63.0	7.0	1268.0	47.0	7467.0	63.0	7	fan	1
64.746892	8.03883	3.0	80.0	-52.4272	3031100.0	1175.05	31.0	103.0	9.0	1186.0	80.0	1334.0	103.0	7	fan	1
64.847616	8.0	3.0	80.0	-52.4409	3805120.0	1170.0	12.0	127.0	10.0	1245.0	96.0	8118.0	127.0	7	fan	1
64.947700	8.01389	3.0	80.0	-52.4444	4343570.0	1171.81	18.0	144.0	8.0	1252.0	113.0	8292.0	144.0	7	fan	1
65.048446	8.03191	3.0	80.0	-52.4894	2834350.0	1174.15	20.0	94.0	3.0	1233.0	82.0	471.0	94.0	7	fan	1
65.148458	8.17021	3.0	80.0	-52.5319	1412160.0	1192.13	27.0	47.0	5.0	1158.0	36.0	4250.0	47.0	7	fan	1
65.248541	8.14286	3.0	80.0	-52.5238	1892600.0	1188.57	31.0	63.0	4.0	1209.0	52.0	3211.0	63.0	7	fan	1
65.349754	8.06481	3.0	80.0	-52.3241	3160430.0	1178.43	28.0	108.0	9.0	1220.0	89.0	7418.0	108.0	7	fan	1
65.450776	8.00709	3.0	80.0	-52.4113	4224210.0	1170.92	25.0	141.0	6.0	1293.0	104.0	3469.0	141.0	7	fan	1
65.551428	8.04762	3.0	80.0	-52.3524	3175700.0	1176.19	39.0	105.0	6.0	1214.0	88.0	4279.0	105.0	7	fan	1
65.651856	8.0	3.0	80.0	-52.5034	4389420.0	1170.0	12.0	147.0	6.0	1254.0	130.0	7216.0	147.0	7	fan	1
65.752323	8.02174	3.0	80.0	-52.5217	2779250.0	1172.83	19.0	92.0	10.0	1258.0	75.0	1378.0	92.0	7	fan	1
65.852667	8.04132	3.0	80.0	-52.3719	3604240.0	1175.37	16.0	121.0	6.0	1209.0	104.0	10702.0	121.0	7	fan	1
65.953817	8.26471	3.0	80.0	-52.6176	1027560.0	1204.41	32.0	34.0	4.0	1236.0	30.0	6275.0	34.0	7	fan	1
66.054882	8.07865	3.0	80.0	-52.3708	2626750.0	1180.22	32.0	89.0	2.0	1255.0	72.0	5788.0	89.0	7	fan	1
66.155389	8.05479	3.0	80.0	-52.3836	2192980.0	1177.12	33.0	73.0	12.0	1203.0	54.0	7739.0	73.0	7	fan	1
66.255790	8.22917	3.0	80.0	-52.3542	1452730.0	1199.79	46.0	48.0	6.0	1250.0	39.0	6401.0	48.0	7	fan	1
66.356971	8.03774	3.0	80.0	-52.4906	3174290.0	1174.91	34.0	106.0	8.0	1224.0	88.0	3748.0	106.0	7	fan	1
66.457158	8.25581	3.0	80.0	-52.3256	1301240.0	1203.26	28.0	43.0	4.0	1251.0	32.0	5142.0	43.0	7	fan	1
66.557801	8.04762	3.0	80.0	-52.4524	2529560.0	1176.19	31.0	84.0	6.0	1224.0	73.0	8134.0	84.0	7	fan	1
66.658454	8.01835	3.0	80.0	-52.4679	3269080.0	1172.39	38.0	109.0	15.0	1225.0	82.0	11055.0	109.0	7	fan	1
66.759121	8.09459	3.0	80.0	-52.3514	2189350.0	1182.3	20.0	74.0	8.0	1254.0	57.0	8286.0	74.0	7	fan	1
66.859781	8.08955	3.0	80.0	-52.4776	1975150.0	1181.64	32.0	67.0	7.0	1206.0	53.0	4173.0	67.0	7	fan	1
66.960009	8.16923	3.0	80.0	-52.5538	1936710.0	1192.0	37.0	65.0	4.0	1185.0	57.0	8292.0	65.0	7	fan	1
67.060209	8.03571	3.0	80.0	-52.4196	3363410.0	1174.64	25.0	112.0	8.0	1018.0	96.0	3742.0	112.0	7	fan	1
67.160796	8.11628	3.0	80.0	-52.3721	1311340.0	1185.12	20.0	43.0	2.0	1072.0	38.0	3266.0	43.0	7	fan	1
67.261738	8.05	3.0	80.0	-52.5	1198820.0	1176.5	40.0	40.0	5.0	1049.0	26.0	5908.0	40.0	7	fan	1
67.363015	8.03509	3.0	80.0	-52.3509	3416710.0	1174.56	19.0	114.0	18.0	1058.0	81.0	5872.0	114.0	7	fan	1
67.463512	8.13333	3.0	80.0	-52.4	1358990.0	1187.33	26.0	45.0	5.0	982.0	39.0	5492.0	45.0	7	fan	1
67.563719	8.10938	3.0	80.0	-52.4531	1920940.0	1184.22	29.0	64.0	7.0	1154.0	54.0	7024.0	64.0	7	fan	1
67.664269	8.06061	3.0	80.0	-52.4545	1961080.0	1177.88	48.0	66.0	9.0	1230.0	54.0	4869.0	66.0	7	fan	1
67.764397	8.06452	3.0	80.0	-52.4409	2730070.0	1178.39	22.0	93.0	9.0	1270.0	72.0	11247.0	93.0	7	fan	1
67.864653	8.17021	3.0	80.0	-52.5106	1454140.0	1192.13	35.0	47.0	4.0	1230.0	38.0	2378.0	47.0	7	fan	1
67.965027	8.00787	3.0	80.0	-52.4882	3834170.0	1171.02	26.0	127.0	11.0	1287.0	104.0	7633.0	127.0	7	fan	1
68.065791	7.34167	3.0	80.0	-51.8222	10524200.0	1041.62	4.0	360.0	6.0	1236.0	103.0	8879.0	136.0	7	fan	1
68.166631	7.11712	3.0	80.0	-51.4655	19622600.0	997.838	4.0	666.0	6.0	1282.0	71.0	388.0	113.0	7	fan	1
68.267130	8.0146	3.0	80.0	-52.5328	4123000.0	1171.9	20.0	137.0	14.0	1236.0	108.0	5362.0	137.0	7	fan	1
68.368277	8.16393	3.0	80.0	-52.4262	1855870.0	1191.31	14.0	61.0	3.0	1254.0	51.0	3125.0	61.0	7	fan	1
68.469157	8.02105	3.0	80.0	-52.5053	2785590.0	1172.74	28.0	95.0	9.0	1266.0	79.0	7512.0	95.0	7	fan	1
68.569871	8.08955	3.0	80.0	-52.5075	2002710.0	1181.64	32.0	67.0	4.0	1214.0	56.0	6030.0	67.0	7	fan	1
68.670637	8.05634	3.0	80.0	-52.5634	2140180.0	1177.32	37.0	71.0	5.0	1260.0	58.0	4404.0	71.0	7	fan	1
68.770759	8.02609	3.0	80.0	-52.4609	3442390.0	1173.39	18.0	115.0	5.0	1227.0	95.0	7303.0	115.0	7	fan	1
68.872072	8.11429	3.0	80.0	-52.3429	2113470.0	1184.86	33.0	70.0	8.0	1271.0	56.0	4452.0	70.0	7	fan	1
68.973214	8.28205	3.0	80.0	-52.5641	1150850.0	1206.67	48.0	39.0	4.0	1247.0	34.0	9318.0	39.0	7	fan	1
69.073474	8.10204	3.0	80.0	-52.5102	1486290.0	1183.27	37.0	49.0	1.0	1221.0	44.0	6447.0	49.0	7	fan	1
69.173781	8.09524	3.0	80.0	-52.5397	1858070.0	1182.38	44.0	63.0	8.0	1250.0	48.0	7579.0	63.0	7	fan	1
69.274379	8.06667	3.0	80.0	-52.7167	1805100.0	1178.67	38.0	60.0	8.0	1203.0	47.0	5702.0	60.0	7	fan	1
69.374922	8.14035	3.0	80.0	-52.4912	1728480.0	1188.25	54.0	57.0	6.0	1237.0	46.0	4667.0	57.0	7	fan	1
69.475208	8.06	3.0	80.0	-52.38	1530550.0	1177.8	53.0	50.0	6.0	1175.0	36.0	4003.0	50.0	7	fan	1
69.576372	8.07937	3.0	80.0	-52.3492	1886890.0	1180.32	35.0	63.0	11.0	1243.0	44.0	1869.0	63.0	7	fan	1
69.677174	8.16667	3.0	80.0	-52.5417	1402370.0	1191.67	21.0	48.0	5.0	1099.0	41.0	3390.0	48.0	7	fan	1
69.777587	8.03226	3.0	80.0	-52.6559	2797960.0	1174.19	25.0	93.0	12.0	1216.0	64.0	4034.0	93.0	7	fan	1
69.877950	8.06494	3.0	80.0	-52.3636	2289180.0	1178.44	36.0	77.0	6.0	1217.0	63.0	1441.0	77.0	7	fan	1
69.978326	8.09259	3.0	80.0	-52.5	1653250.0	1182.04	34.0	54.0	5.0	1170.0	44.0	4581.0	54.0	7	fan	1
70.078374	8.12048	3.0	80.0	-52.5663	2497570.0	1185.66	20.0	83.0	11.0	1215.0	65.0	4629.0	83.0	7	fan	1
70.178377	8.0073	3.0	80.0	-52.5182	4113160.0	1170.95	22.0	137.0	10.0	1225.0	112.0	7492.0	137.0	7	fan	1
70.278570	7.13994	3.0	80.0	-51.6038	18806400.0	1002.29	28.0	636.0	24.0	1195.0	86.0	9776.0	135.0	7	fan	1
70.380111	7.6	3.0	80.0	-51.936	7173900.0	1092.0	10.0	250.0	13.0	1179.0	126.0	3046.0	165.0	7	fan	1
70.481516	8.02419	3.0	80.0	-52.5645	3643600.0	1173.15	12.0	124.0	11.0	1261.0	96.0	4975.0	124.0	7	fan	1
70.582306	8.0	3.0	80.0	-52.311	4912630.0	1170.0	14.0	164.0	15.0	1179.0	129.0	6416.0	164.0	7	fan	1
70.682474	8.0	3.0	80.0	-52.4621	4399260.0	1170.0	12.0	145.0	9.0	1226.0	113.0	3782.0	145.0	7	fan	1
70.783389	7.72131	3.0	80.0	-52.2077	5443810.0	1115.3	30.0	183.0	24.0	1194.0	109.0	3367.0	131.0	7	fan	1
70.884335	8.0068	3.0	80.0	-52.5034	4397120.0	1170.88	11.0	147.0	12.0	1236.0	117.0	14980.0	147.0	7	fan	1
70.985271	8.02727	3.0	80.0	-52.4818	3290480.0	1173.55	16.0	110.0	10.0	1227.0	85.0	2791.0	110.0	7	fan	1
71.085275	8.19565	3.0	80.0	-52.5217	1397990.0	1195.43	26.0	46.0	1.0	1162.0	36.0	3881.0	46.0	7	fan	1
71.185392	8.06522	3.0	80.0	-52.5109	2700140.0	1178.48	28.0	92.0	7.0	1230.0	76.0	5675.0	92.0	7	fan	1
71.285418	8.13725	3.0	80.0	-52.5098	1520820.0	1187.84	41.0	51.0	3.0	1170.0	41.0	1823.0	51.0	7	fan	1
71.385934	8.05882	3.0	80.0	-52.5588	2083150.0	1177.65	40.0	68.0	9.0	1214.0	51.0	4992.0	68.0	7	fan	1
71.486843	8.19608	3.0	80.0	-52.3529	1537770.0	1195.49	22.0	51.0	6.0	1207.0	36.0	2646.0	51.0	7	fan	1
71.588312	8.11111	3.0	80.0	-52.5	1636260.0	1184.44	28.0	54.0	4.0	1233.0	44.0	2792.0	54.0	7	fan	1
71.688709	8.22727	3.0	80.0	-52.7273	649658.0	1199.55	48.0	22.0	3.0	1227.0	16.0	4928.0	22.0	7	fan	1
71.789969	8.06	3.0	80.0	-52.56	2989080.0	1177.8	35.0	100.0	10.0	1203.0	81.0	5676.0	100.0	7	fan	1
71.890957	8.17647	3.0	80.0	-52.5735	1984060.0	1192.94	26.0	68.0	3.0	1143.0	61.0	1825.0	68.0	7	fan	1
71.991722	8.52941	3.0	80.0	-52.4118	508588.0	1238.82	47.0	17.0	1.0	1214.0	16.0	3198.0	17.0	7	fan	1
72.092772	8.04918	3.0	80.0	-52.623	1829010.0	1176.39	31.0	61.0	6.0	1186.0	52.0	2595.0	61.0	7	fan	1
72.193257	8.03093	3.0	80.0	-52.4536	2904670.0	1174.02	43.0	97.0	6.0	1223.0	80.0	5401.0	97.0	7	fan	1
72.294413	8.08219	3.0	80.0	-52.4658	2104330.0	1180.68	26.0	73.0	3.0	1193.0	60.0	5012.0	73.0	7	fan	1
72.395108	8.09615	3.0	80.0	-52.4231	1541840.0	1182.5	35.0	52.0	5.0	1213.0	41.0	7320.0	52.0	7	fan	1
72.495120	8.09524	3.0	80.0	-52.5	2514660.0	1182.38	40.0	84.0	6.0	1231.0	62.0	2123.0	84.0	7	fan	1
72.595479	8.08571	3.0	80.0	-52.6143	2088640.0	1181.14	51.0	70.0	8.0	1199.0	55.0	8377.0	70.0	7	fan	1
72.696422	8.04545	3.0	80.0	-52.5636	3216080.0	1175.91	14.0	110.0	12.0	1191.0	85.0	7644.0	110.0	7	fan	1
72.796424	8.0	3.0	80.0	-52.4315	4378200.0	1170.0	19.0	146.0	12.0	1241.0	116.0	4087.0	146.0	7	fan	1
72.897204	8.04808	3.0	80.0	-52.6154	3096120.0	1176.25	16.0	104.0	5.0	1183.0	89.0	4510.0	104.0	7	fan	1
72.997817	8.83333	3.0	80.0	-52.5417	740421.0	1278.33	21.0	24.0	1.0	1230.0	23.0	7413.0	24.0	7	fan	1
73.098159	8.14754	3.0	80.0	-52.5082	1795070.0	1189.18	49.0	61.0	8.0	1235.0	51.0	8092.0	61.0	7	fan	1
73.198507	8.07216	3.0	80.0	-52.567	2908300.0	1179.38	35.0	97.0	7.0	1177.0	78.0	8004.0	97.0	7	fan	1
73.299385	8.11111	3.0	80.0	-52.5	2154220.0	1184.44	17.0	72.0	3.0	1245.0	58.0	9359.0	72.0	7	fan	1
73.399615	8.12903	3.0	80.0	-52.4194	2756780.0	1186.77	29.0	93.0	18.0	1180.0	70.0	7069.0	93.0	7	fan	1
73.500501	8.45652	3.0	80.0	-52.3913	1384090.0	1229.35	29.0	46.0	9.0	1274.0	33.0	6918.0	46.0	7	fan	1
73.601451	8.14286	3.0	80.0	-52.4921	1830660.0	1188.57	24.0	63.0	4.0	1206.0	54.0	6317.0	63.0	7	fan	1
73.702644	8.12069	3.0	80.0	-52.4828	1688380.0	1185.69	28.0	58.0	6.0	1244.0	48.0	11886.0	58.0	7	fan	1
73.803072	8.02941	3.0	80.0	-52.6471	2040220.0	1173.82	21.0	68.0	5.0	1216.0	52.0	7291.0	68.0	7	fan	1
73.903547	8.40741	3.0	80.0	-52.4074	818512.0	1222.96	21.0	27.0	7.0	1187.0	20.0	1793.0	27.0	7	fan	1
74.004648	8.375	3.0	80.0	-52.3333	706543.0	1218.75	30.0	24.0	1.0	1251.0	23.0	7448.0	24.0	7	fan	1
74.105399	8.38235	3.0	80.0	-52.3529	1032110.0	1219.71	42.0	34.0	5.0	1165.0	27.0	1772.0	34.0	7	fan	1
74.206126	8.06579	3.0	80.0	-52.5526	2265790.0	1178.55	16.0	76.0	3.0	1186.0	66.0	3461.0	76.0	7	fan	1
74.306308	8.11111	3.0	80.0	-52.6349	1935360.0	1184.44	28.0	63.0	5.0	1188.0	51.0	4357.0	63.0	7	fan	1
74.406442	8.05195	3.0	80.0	-52.6234	2309790.0	1176.75	27.0	77.0	5.0	1233.0	64.0	7426.0	77.0	7	fan	1
74.506450	8.10145	3.0	80.0	-52.3333	2049610.0	1183.19	30.0	69.0	5.0	1170.0	55.0	2273.0	69.0	7	fan	1
74.607233	8.12766	3.0	80.0	-52.5319	1356410.0	1186.6	27.0	47.0	5.0	1262.0	38.0	4922.0	47.0	7	fan	1
74.707304	8.18	3.0	80.0	-52.46	1459040.0	1193.4	26.0	50.0	6.0	1218.0	38.0	6387.0	50.0	7	fan	1
74.807570	8.3	3.0	80.0	-52.6	927773.0	1209.0	28.0	30.0	2.0	1249.0	27.0	6541.0	30.0	7	fan	1
74.908014	8.15909	3.0	80.0	-52.6591	1343330.0	1190.68	31.0	44.0	7.0	1260.0	33.0	4084.0	44.0	7	fan	1
75.009175	8.04878	3.0	80.0	-52.4878	1182190.0	1176.34	28.0	41.0	0.0	1244.0	38.0	2999.0	41.0	7	fan	1
75.109628	8.15254	3.0	80.0	-52.5593	1761330.0	1189.83	28.0	59.0	6.0	1235.0	46.0	5504.0	59.0	7	fan	1
75.209998	8.00962	3.0	80.0	-52.4712	3183710.0	1171.25	22.0	104.0	6.0	1262.0	79.0	7748.0	104.0	7	fan	1
75.310250	8.07692	3.0	80.0	-52.4945	2694860.0	1180.0	21.0	91.0	5.0	1241.0	73.0	8294.0	91.0	7	fan	1
75.411565	8.20339	3.0	80.0	-52.4407	1716810.0	1196.44	28.0	59.0	9.0	1259.0	47.0	9873.0	59.0	7	fan	1
75.511892	8.14286	3.0	80.0	-52.5571	2088590.0	1188.57	35.0	70.0	1.0	1263.0	58.0	6843.0	70.0	7	fan	1
75.612691	8.05155	3.0	80.0	-52.4742	2894800.0	1176.7	27.0	97.0	7.0	1252.0	81.0	13449.0	97.0	7	fan	1
75.713693	8.06154	3.0	80.0	-52.4615	1922220.0	1178.0	56.0	65.0	5.0	1267.0	55.0	8079.0	65.0	7	fan	1
75.815080	8.0	3.0	80.0	-52.5915	4224700.0	1170.0	29.0	142.0	9.0	1246.0	118.0	867.0	142.0	7	fan	1
75.915344	8.0	3.0	80.0	-52.6222	4071090.0	1170.0	14.0	135.0	9.0	1297.0	112.0	8303.0	135.0	7	fan	1
76.016108	8.07229	3.0	80.0	-52.5904	2404930.0	1179.4	25.0	83.0	7.0	1226.0	68.0	8090.0	83.0	7	fan	1
76.116264	8.28125	3.0	80.0	-52.5312	946144.0	1206.56	34.0	32.0	2.0	1165.0	28.0	5398.0	32.0	7	fan	1
76.217731	8.41935	3.0	80.0	-52.5806	903033.0	1224.52	35.0	31.0	3.0	1144.0	28.0	9685.0	31.0	7	fan	1
76.318192	8.0381	3.0	80.0	-52.581	3151490.0	1174.95	19.0	105.0	5.0	1226.0	88.0	3162.0	105.0	7	fan	1
76.418532	8.07692	3.0	80.0	-52.5538	1904240.0	1180.0	29.0	65.0	5.0	1178.0	54.0	1361.0	65.0	7	fan	1
76.519777	8.05882	3.0	80.0	-52.6706	2514510.0	1177.65	37.0	85.0	7.0	1236.0	68.0	3642.0	85.0	7	fan	1
76.620290	8.0	3.0	80.0	-52.5556	4030300.0	1170.0	13.0	135.0	16.0	1256.0	104.0	4089.0	135.0	7	fan	1
76.720914	8.10959	3.0	80.0	-52.589	2175140.0	1184.25	22.0	73.0	7.0	1254.0	55.0	5896.0	73.0	7	fan	1
76.820973	8.15217	3.0	80.0	-52.6739	1396510.0	1189.78	40.0	46.0	2.0	1262.0	41.0	3518.0	46.0	7	fan	1
76.920973	8.0411	3.0	80.0	-52.6164	2188950.0	1175.34	29.0	73.0	6.0	1214.0	59.0	7313.0	73.0	7	fan	1
77.022144	8.20896	3.0	80.0	-52.4328	2024790.0	1197.16	17.0	67.0	4.0	1303.0	61.0	13482.0	67.0	7	fan	1
77.122660	8.09459	3.0	80.0	-52.5946	2223590.0	1182.3	23.0	74.0	8.0	1202.0	60.0	12743.0	74.0	7	fan	1
77.223522	8.21951	3.0	80.0	-52.3902	1230850.0	1198.54	33.0	41.0	3.0	1246.0	33.0	5477.0	41.0	7	fan	1
77.323896	8.0641	3.0	80.0	-52.5256	2305570.0	1178.33	54.0	78.0	7.0	1247.0	66.0	4258.0	78.0	7	fan	1
77.424080	8.10811	3.0	80.0	-52.5405	2200140.0	1184.05	32.0	74.0	6.0	1215.0	58.0	5879.0	74.0	7	fan	1
77.525399	8.10127	3.0	80.0	-52.443	2314160.0	1183.16	23.0	79.0	5.0	1264.0	66.0	9060.0	79.0	7	fan	1
77.626024	8.0	3.0	80.0	-52.4914	3425200.0	1170.0	15.0	116.0	10.0	1258.0	95.0	7771.0	116.0	7	fan	1
77.726051	8.25926	3.0	80.0	-52.6296	1644940.0	1203.7	25.0	54.0	6.0	1228.0	44.0	1436.0	54.0	7	fan	1
77.826215	8.11392	3.0	80.0	-52.5443	2355960.0	1184.81	27.0	79.0	6.0	1279.0	66.0	4842.0	79.0	7	fan	1
77.926413	8.03636	3.0	80.0	-52.6182	3299600.0	1174.73	39.0	110.0	10.0	1229.0	89.0	3211.0	110.0	7	fan	1
78.027126	8.21739	3.0	80.0	-52.5652	1401280.0	1198.26	32.0	46.0	2.0	1290.0	41.0	6279.0	46.0	7	fan	1
78.127430	8.03371	3.0	80.0	-52.573	2677560.0	1174.38	30.0	89.0	2.0	1217.0	78.0	5660.0	89.0	7	fan	1
78.228631	8.11111	3.0	80.0	-52.6296	2392800.0	1184.44	20.0	81.0	9.0	1246.0	59.0	12811.0	81.0	7	fan	1
78.328784	8.15625	3.0	80.0	-52.5	991412.0	1190.31	42.0	32.0	5.0	1264.0	24.0	6516.0	32.0	7	fan	1
78.429659	8.14286	3.0	80.0	-52.5238	1847130.0	1188.57	32.0	63.0	11.0	1236.0	48.0	4559.0	63.0	7	fan	1
78.530657	8.0283	3.0	80.0	-52.5283	3136150.0	1173.68	16.0	106.0	6.0	1301.0	84.0	12256.0	106.0	7	fan	1
78.631542	8.07273	3.0	80.0	-52.5727	3322280.0	1179.45	13.0	110.0	11.0	1196.0	90.0	12482.0	110.0	7	fan	1
78.732741	8.13433	3.0	80.0	-52.5672	2009140.0	1187.46	39.0	67.0	10.0	1222.0	52.0	7711.0	67.0	7	fan	1
78.832886	8.38462	3.0	80.0	-52.4231	790876.0	1220.0	22.0	26.0	3.0	1219.0	22.0	3356.0	26.0	7	fan	1
78.933170	8.06329	3.0	80.0	-52.4684	2393110.0	1178.23	25.0	79.0	6.0	1255.0	64.0	9071.0	79.0	7	fan	1
79.033234	8.0597	3.0	80.0	-52.3881	2031820.0	1177.76	29.0	67.0	4.0	1218.0	50.0	3347.0	67.0	7	fan	1
79.134626	8.34483	3.0	80.0	-52.4828	871984.0	1214.83	54.0	29.0	1.0	1195.0	26.0	7652.0	29.0	7	fan	1
79.235612	8.6087	3.0	80.0	-52.2609	661914.0	1249.13	37.0	23.0	2.0	1232.0	21.0	3170.0	23.0	7	fan	1
79.336790	8.00926	3.0	80.0	-52.5556	3146900.0	1171.2	19.0	108.0	8.0	1193.0	90.0	8907.0	108.0	7	fan	1
79.438059	8.0	3.0	80.0	-52.5714	4597500.0	1170.0	8.0	154.0	11.0	1273.0	122.0	4980.0	154.0	7	fan	1
79.539004	8.0625	3.0	80.0	-52.6146	2919550.0	1178.12	27.0	96.0	8.0	1173.0	78.0	4251.0	96.0	7	fan	1
79.639465	8.075	3.0	80.0	-52.475	2395140.0	1179.75	25.0	80.0	6.0	1233.0	64.0	6389.0	80.0	7	fan	1
79.740041	8.05747	3.0	80.0	-52.5057	2607900.0	1177.47	24.0	87.0	9.0	1193.0	72.0	10482.0	87.0	7	fan	1
79.840463	8.19355	3.0	80.0	-52.3387	1855360.0	1195.16	42.0	62.0	7.0	1217.0	50.0	5174.0	62.0	7	fan	1
79.940489	9.0	3.0	80.0	-52.7857	434569.0	1300.0	21.0	14.0	1.0	1205.0	13.0	5066.0	14.0	7	fan	1
80.040491	8.08491	3.0	80.0	-52.5377	3136720.0	1181.04	34.0	106.0	7.0	1180.0	85.0	2748.0	106.0	7	fan	1
80.141112	8.08046	3.0	80.0	-52.4253	2561610.0	1180.46	39.0	87.0	6.0	1229.0	72.0	7689.0	87.0	7	fan	1
80.241914	8.36364	3.0	80.0	-52.3939	1015630.0	1217.27	52.0	33.0	4.0	1210.0	27.0	6281.0	33.0	7	fan	1
80.342975	8.19512	3.0	80.0	-52.5854	1228420.0	1195.37	46.0	41.0	9.0	1229.0	31.0	5892.0	41.0	7	fan	1
80.443150	8.00781	3.0	80.0	-52.6406	3932870.0	1171.02	17.0	128.0	7.0	1179.0	102.0	8105.0	128.0	7	fan	1
80.544194	8.04717	3.0	80.0	-52.5	3178690.0	1176.13	27.0	106.0	8.0	1218.0	84.0	4885.0	106.0	7	fan	1
80.644702	8.0	3.0	80.0	-52.4627	3985330.0	1170.0	13.0	134.0	4.0	1258.0	112.0	9163.0	134.0	7	fan	1
80.745281	8.0155	3.0	80.0	-52.4806	3829070.0	1172.02	18.0	129.0	12.0	1187.0	108.0	11326.0	129.0	7	fan	1
80.846296	8.11765	3.0	80.0	-52.6	2504660.0	1185.29	21.0	85.0	8.0	1251.0	64.0	6890.0	85.0	7	fan	1
80.946947	8.00629	3.0	80.0	-52.5912	4630590.0	1170.82	12.0	159.0	10.0	1141.0	125.0	4034.0	159.0	7	fan	1
81.046950	8.0	3.0	80.0	-52.5	4530360.0	1170.0	4.0	148.0	7.0	1234.0	119.0	8203.0	148.0	7	fan	1
81.147190	8.0073	3.0	80.0	-52.5693	4028370.0	1170.95	9.0	137.0	5.0	1214.0	119.0	4436.0	137.0	7	fan	1
81.248043	8.14754	3.0	80.0	-52.5738	1861760.0	1189.18	21.0	61.0	3.0	1190.0	51.0	4606.0	61.0	7	fan	1
81.349237	8.01389	3.0	80.0	-52.5278	4219220.0	1171.81	23.0	144.0	8.0	1266.0	117.0	12994.0	144.0	7	fan	1
81.449478	8.02151	3.0	80.0	-52.6989	2772430.0	1172.8	6.0	93.0	10.0	1155.0	79.0	8259.0	93.0	7	fan	1
81.549633	8.01235	3.0	80.0	-52.5679	2403760.0	1171.6	24.0	81.0	7.0	1070.0	69.0	6472.0	81.0	7	fan	1
81.650654	8.0	3.0	80.0	-52.44	4516920.0	1170.0	9.0	150.0	10.0	1150.0	115.0	11740.0	150.0	7	fan	1
81.751687	8.00901	3.0	80.0	-52.6216	3317740.0	1171.17	23.0	111.0	9.0	1286.0	93.0	8802.0	111.0	7	fan	1
81.852771	8.06667	3.0	80.0	-52.5333	1795840.0	1178.67	30.0	60.0	4.0	1221.0	52.0	4064.0	60.0	7	fan	1
81.953683	8.34146	3.0	80.0	-52.439	1261070.0	1214.39	42.0	41.0	4.0	1257.0	34.0	8372.0	41.0	7	fan	1
82.054207	8.13235	3.0	80.0	-52.5735	2008060.0	1187.21	40.0	68.0	3.0	1257.0	63.0	2599.0	68.0	7	fan	1
82.154343	8.03226	3.0	80.0	-52.4946	2699500.0	1174.19	20.0	93.0	5.0	1252.0	77.0	1643.0	93.0	7	fan	1
82.254981	8.1519	3.0	80.0	-52.557	2373980.0	1189.75	44.0	79.0	12.0	1276.0	57.0	3723.0	79.0	7	fan	1
82.355490	8.06061	3.0	80.0	-52.3788	1976950.0	1177.88	42.0	66.0	8.0	1206.0	54.0	4140.0	66.0	7	fan	1
82.456259	8.05102	3.0	80.0	-52.602	2927140.0	1176.63	23.0	98.0	13.0	1264.0	76.0	7322.0	98.0	7	fan	1
82.557391	8.04615	3.0	80.0	-52.4154	1933530.0	1176.0	40.0	65.0	3.0	1244.0	55.0	2799.0	65.0	7	fan	1
82.658489	8.01852	3.0	80.0	-52.5556	3178880.0	1172.41	23.0	108.0	10.0	1245.0	86.0	2532.0	108.0	7	fan	1
82.759643	8.2449	3.0	80.0	-52.6531	1458050.0	1201.84	52.0	49.0	5.0	1289.0	41.0	7959.0	49.0	7	fan	1
82.860649	8.57143	3.0	80.0	-52.6786	829534.0	1244.29	43.0	28.0	6.0	1276.0	21.0	3573.0	28.0	7	fan	1
82.960735	8.13793	3.0	80.0	-52.3448	1767310.0	1187.93	29.0	58.0	6.0	1254.0	43.0	2746.0	58.0	7	fan	1
83.061344	8.22222	3.0	80.0	-52.5833	1095160.0	1198.89	27.0	36.0	2.0	1290.0	30.0	2769.0	36.0	7	fan	1
83.162126	8.38889	3.0	80.0	-52.4722	1078610.0	1220.56	35.0	36.0	6.0	1171.0	29.0	4284.0	36.0	7	fan	1
83.262462	8.09459	3.0	80.0	-52.6216	2182320.0	1182.3	29.0	74.0	8.0	1244.0	58.0	4782.0	74.0	7	fan	1
83.362734	8.0	3.0	80.0	-52.633	3266880.0	1170.0	13.0	109.0	5.0	1023.0	89.0	4478.0	109.0	7	fan	1
83.463490	8.07407	3.0	80.0	-52.679	2434010.0	1179.63	26.0	81.0	3.0	1087.0	67.0	4088.0	81.0	7	fan	1
83.564282	8.01695	3.0	80.0	-52.5508	3437120.0	1172.2	11.0	118.0	7.0	1036.0	95.0	6782.0	118.0	7	fan	1
83.665520	8.01626	3.0	80.0	-52.5772	3694510.0	1172.11	23.0	123.0	6.0	1084.0	98.0	2524.0	123.0	7	fan	1
83.766217	8.6087	3.0	80.0	-52.5217	709039.0	1249.13	25.0	23.0	3.0	1051.0	20.0	6054.0	23.0	7	fan	1
83.867240	8.09091	3.0	80.0	-52.5455	1674150.0	1181.82	21.0	55.0	2.0	1028.0	47.0	4849.0	55.0	7	fan	1
83.967252	8.09677	3.0	80.0	-52.6452	1833180.0	1182.58	23.0	62.0	1.0	1059.0	55.0	3864.0	62.0	7	fan	1
84.067357	8.02667	3.0	80.0	-52.48	2173550.0	1173.47	17.0	75.0	5.0	1024.0	56.0	5405.0	75.0	7	fan	1
84.168465	8.3	3.0	80.0	-52.5	875949.0	1209.0	25.0	30.0	1.0	1065.0	28.0	1674.0	30.0	7	fan	1
84.269489	8.14706	3.0	80.0	-52.3529	1044190.0	1189.12	26.0	34.0	1.0	1048.0	28.0	3224.0	34.0	7	fan	1
84.369926	8.12821	3.0	80.0	-52.4615	1174600.0	1186.67	35.0	39.0	2.0	1043.0	32.0	2223.0	39.0	7	fan	1
84.470636	8.11628	3.0	80.0	-52.5116	1295420.0	1185.12	22.0	43.0	3.0	1077.0	37.0	5303.0	43.0	7	fan	1
84.571433	8.31034	3.0	80.0	-52.6552	862347.0	1210.34	33.0	29.0	2.0	1050.0	23.0	2862.0	29.0	7	fan	1
84.671676	8.15217	3.0	80.0	-52.5	1378830.0	1189.78	33.0	46.0	3.0	1043.0	39.0	3912.0	46.0	7	fan	1
84.772554	8.02273	3.0	80.0	-52.4091	2616970.0	1172.95	9.0	88.0	1.0	1080.0	82.0	5794.0	88.0	7	fan	1
84.873915	8.28	3.0	80.0	-52.52	735768.0	1206.4	16.0	25.0	1.0	1055.0	24.0	6313.0	25.0	7	fan	1
84.974852	8.09756	3.0	80.0	-52.4146	1200410.0	1182.68	12.0	41.0	1.0	1040.0	34.0	2742.0	41.0	7	fan	1
85.074915	8.02679	3.0	80.0	-52.5625	3426960.0	1173.48	11.0	112.0	7.0	1076.0	93.0	7603.0	112.0	7	fan	1
85.175077	8.05085	3.0	80.0	-52.5254	1767040.0	1176.61	27.0	59.0	3.0	1013.0	50.0	4016.0	59.0	7	fan	1
85.275792	8.01493	3.0	80.0	-52.5149	3993240.0	1171.94	29.0	134.0	11.0	1066.0	103.0	8922.0	134.0	7	fan	1
85.375885	8.0	3.0	80.0	-52.4759	4328870.0	1170.0	6.0	145.0	8.0	1008.0	115.0	5769.0	145.0	7	fan	1
85.476680	8.0	3.0	80.0	-52.6531	2792600.0	1170.0	6.0	98.0	2.0	1002.0	85.0	1974.0	98.0	7	fan	1
85.577667	8.0	3.0	80.0	-52.4724	3827360.0	1170.0	5.0	127.0	7.0	1039.0	106.0	3493.0	127.0	7	fan	1
85.678364	8.0	3.0	80.0	-52.5278	4256960.0	1170.0	10.0	144.0	7.0	1082.0	119.0	14626.0	144.0	7	fan	1
85.779286	8.03529	3.0	80.0	-52.5176	2509220.0	1174.59	16.0	85.0	5.0	1053.0	76.0	10690.0	85.0	7	fan	1
85.879352	8.02247	3.0	80.0	-52.5056	2654060.0	1172.92	15.0	89.0	5.0	1044.0	73.0	4972.0	89.0	7	fan	1
85.980169	8.0	3.0	80.0	-52.5246	3618410.0	1170.0	8.0	122.0	10.0	1048.0	99.0	3971.0	122.0	7	fan	1
86.081268	8.00943	3.0	80.0	-52.5377	3133720.0	1171.23	9.0	106.0	6.0	1057.0	90.0	9153.0	106.0	7	fan	1
86.181568	8.0	3.0	80.0	-52.5156	3839540.0	1170.0	10.0	128.0	6.0	1062.0	104.0	4350.0	128.0	7	fan	1
86.281823	7.50181	3.0	80.0	-51.8412	8147570.0	1072.85	8.0	277.0	8.0	1057.0	116.0	2057.0	148.0	7	fan	1
86.382457	7.27143	3.0	80.0	-51.6743	10110300.0	1027.93	12.0	350.0	6.0	1023.0	87.0	6260.0	108.0	7	fan	1
86.483252	7.05476	3.0	80.0	-51.558	21872900.0	985.678	0.0	767.0	1.0	1067.0	48.0	2559.0	102.0	7	fan	1
86.584288	8.0	3.0	80.0	-52.4464	3349280.0	1170.0	8.0	112.0	5.0	1050.0	98.0	7558.0	112.0	7	fan	1
86.684755	8.0	3.0	80.0	-52.518	4156990.0	1170.0	11.0	139.0	9.0	1045.0	114.0	5575.0	139.0	7	fan	1
86.785426	8.0	3.0	80.0	-52.5827	3779810.0	1170.0	19.0	127.0	6.0	1057.0	104.0	2744.0	127.0	7	fan	1
86.885651	8.0	3.0	80.0	-52.3889	3222280.0	1170.0	8.0	108.0	9.0	1047.0	90.0	2988.0	108.0	7	fan	1
86.986634	8.02174	3.0	80.0	-52.4783	2737680.0	1172.83	12.0	92.0	4.0	1060.0	78.0	2990.0	92.0	7	fan	1
87.087584	8.02439	3.0	80.0	-52.6463	2445390.0	1173.17	14.0	82.0	4.0	1092.0	66.0	4921.0	82.0	7	fan	1
87.188641	8.10256	3.0	80.0	-52.5128	1198550.0	1183.33	28.0	39.0	1.0	1026.0	37.0	5912.0	39.0	7	fan	1
87.291699	8.08537	3.0	80.0	-52.5488	2410550.0	1181.1	10.0	82.0	4.0	1031.0	68.0	6917.0	82.0	7	fan	1
87.392249	8.02439	3.0	80.0	-52.561	2454520.0	1173.17	17.0	82.0	4.0	1121.0	72.0	4183.0	82.0	7	fan	1
87.492369	8.13636	3.0	80.0	-52.5	1318270.0	1187.73	18.0	44.0	1.0	1009.0	38.0	158.0	44.0	7	fan	1
87.592760	8.08	3.0	80.0	-52.5067	2197870.0	1180.4	16.0	75.0	2.0	1094.0	65.0	8656.0	75.0	7	fan	1
87.692850	8.02899	3.0	80.0	-52.4638	2002920.0	1173.77	14.0	69.0	3.0	966.0	59.0	2601.0	69.0	7	fan	1
87.793618	8.66667	3.0	80.0	-52.5833	369642.0	1256.67	29.0	12.0	2.0	1054.0	10.0	3384.0	12.0	7	fan	1
87.894468	8.09333	3.0	80.0	-52.44	2248030.0	1182.13	25.0	75.0	4.0	1023.0	58.0	3362.0	75.0	7	fan	1
87.994531	8.02752	3.0	80.0	-52.4862	3227690.0	1173.58	29.0	109.0	11.0	1083.0	81.0	1988.0	109.0	7	fan	1
88.094738	8.0	3.0	80.0	-52.5793	4353410.0	1170.0	3.0	145.0	7.0	1021.0	110.0	4146.0	145.0	7	fan	1
88.195279	8.0	3.0	80.0	-52.5	4554920.0	1170.0	4.0	152.0	11.0	1042.0	117.0	2605.0	152.0	7	fan	1
88.295770	8.0375	3.0	80.0	-52.5125	2334880.0	1174.88	30.0	80.0	7.0	1049.0	68.0	7397.0	80.0	7	fan	1
88.396193	8.02564	3.0	80.0	-52.5385	3478360.0	1173.33	24.0	117.0	10.0	1098.0	96.0	4102.0	117.0	7	fan	1
88.497486	8.06667	3.0	80.0	-52.5833	1792240.0	1178.67	42.0	60.0	3.0	1262.0	49.0	5046.0	60.0	7	fan	1
88.597776	8.13953	3.0	80.0	-52.7442	1314750.0	1188.14	45.0	43.0	9.0	1264.0	25.0	1925.0	43.0	7	fan	1
88.697855	8.07527	3.0	80.0	-52.5591	2822790.0	1179.78	31.0	93.0	8.0	1239.0	71.0	4629.0	93.0	7	fan	1
88.798024	8.0	3.0	80.0	-52.3448	4385760.0	1170.0	7.0	145.0	4.0	1121.0	121.0	4491.0	145.0	7	fan	1
88.899203	8.0	3.0	80.0	-52.4935	4543350.0	1170.0	17.0	154.0	12.0	1033.0	125.0	7968.0	154.0	7	fan	1
89.000276	8.0	3.0	80.0	-52.5224	3948320.0	1170.0	13.0	134.0	7.0	1040.0	111.0	8836.0	134.0	7	fan	1
89.101267	8.01852	3.0	80.0	-52.5463	3167740.0	1172.41	10.0	108.0	9.0	1094.0	83.0	1513.0	108.0	7	fan	1
89.202754	8.2963	3.0	80.0	-52.5556	781098.0	1208.52	18.0	27.0	3.0	1052.0	22.0	4107.0	27.0	7	fan	1
89.303095	8.02913	3.0	80.0	-52.5049	3108360.0	1173.79	16.0	103.0	5.0	1164.0	85.0	7053.0	103.0	7	fan	1
89.403590	8.00962	3.0	80.0	-52.5673	3120670.0	1171.25	37.0	104.0	12.0	1210.0	86.0	4483.0	104.0	7	fan	1
89.504873	8.01282	3.0	80.0	-52.5705	4702620.0	1171.67	23.0	156.0	19.0	1235.0	120.0	2819.0	156.0	7	fan	1
89.604879	8.00671	3.0	80.0	-52.5638	4425320.0	1170.87	8.0	149.0	14.0	1247.0	109.0	6858.0	149.0	7	fan	1
89.706018	8.03226	3.0	80.0	-52.5699	2717640.0	1174.19	33.0	93.0	6.0	1205.0	80.0	8141.0	93.0	7	fan	1
89.807414	8.0	3.0	80.0	-52.4305	4485120.0	1170.0	11.0	151.0	9.0	1280.0	123.0	8748.0	151.0	7	fan	1
89.907974	8.0	3.0	80.0	-52.5374	4428050.0	1170.0	10.0	147.0	12.0	1152.0	117.0	2464.0	147.0	7	fan	1
90.008490	8.0	3.0	80.0	-52.5796	4710020.0	1170.0	12.0	157.0	14.0	1223.0	125.0	11662.0	157.0	7	fan	1
90.109150	8.0	3.0	80.0	-52.662	4195930.0	1170.0	13.0	142.0	12.0	1248.0	113.0	5799.0	142.0	7	fan	1
90.210046	8.0	3.0	80.0	-52.6867	4477310.0	1170.0	12.0	150.0	10.0	1264.0	117.0	11900.0	150.0	7	fan	1
90.310719	8.0	3.0	80.0	-52.5594	4240840.0	1170.0	8.0	143.0	8.0	1246.0	125.0	9532.0	143.0	7	fan	1
90.411748	8.0	3.0	80.0	-52.5685	4289070.0	1170.0	10.0	146.0	13.0	1231.0	117.0	8056.0	146.0	7	fan	1
90.512951	8.0	3.0	80.0	-52.5827	4126320.0	1170.0	3.0	139.0	7.0	1226.0	118.0	9578.0	139.0	7	fan	1
90.613263	8.19231	3.0	80.0	-52.3462	804294.0	1195.0	44.0	26.0	6.0	1242.0	18.0	575.0	26.0	7	fan	1
90.714364	8.13725	3.0	80.0	-52.3529	1564190.0	1187.84	26.0	51.0	6.0	1229.0	42.0	3645.0	51.0	7	fan	1
90.814548	8.14458	3.0	80.0	-52.5783	2494290.0	1188.8	35.0	83.0	7.0	1263.0	65.0	7301.0	83.0	7	fan	1
90.914644	8.06383	3.0	80.0	-52.5532	2852310.0	1178.3	41.0	94.0	8.0	1232.0	72.0	7271.0	94.0	7	fan	1
91.015801	8.0073	3.0	80.0	-52.5401	4023480.0	1170.95	14.0	137.0	8.0	1068.0	109.0	5025.0	137.0	7	fan	1
91.116940	8.08537	3.0	80.0	-52.5488	2365970.0	1181.1	28.0	82.0	8.0	1033.0	61.0	9285.0	82.0	7	fan	1
91.217652	8.34286	3.0	80.0	-52.5143	1048240.0	1214.57	24.0	35.0	5.0	1085.0	27.0	5377.0	35.0	7	fan	1
91.317693	8.12963	3.0	80.0	-52.4815	1629830.0	1186.85	26.0	54.0	5.0	1052.0	44.0	8901.0	54.0	7	fan	1
91.417878	8.05814	3.0	80.0	-52.6395	2573000.0	1177.56	21.0	86.0	4.0	1072.0	73.0	8936.0	86.0	7	fan	1
91.517892	8.01031	3.0	80.0	-52.4742	2933140.0	1171.34	21.0	97.0	8.0	1047.0	76.0	5829.0	97.0	7	fan	1
91.618453	8.85	3.0	80.0	-52.65	617095.0	1280.5	39.0	20.0	2.0	1044.0	18.0	3056.0	20.0	7	fan	1
91.718825	8.0	3.0	80.0	-52.6183	3809180.0	1170.0	12.0	131.0	10.0	1044.0	102.0	7126.0	131.0	7	fan	1
91.818991	8.09091	3.0	80.0	-52.4805	2294780.0	1181.82	27.0	77.0	7.0	1030.0	60.0	7206.0	77.0	7	fan	1
91.919935	8.00833	3.0	80.0	-52.55	3538180.0	1171.08	7.0	120.0	6.0	1065.0	98.0	5487.0	120.0	7	fan	1
92.020008	8.11429	3.0	80.0	-52.4429	2111430.0	1184.86	9.0	70.0	3.0	1040.0	61.0	5811.0	70.0	7	fan	1
92.120395	8.0	3.0	80.0	-52.377	1855320.0	1170.0	21.0	61.0	2.0	1017.0	52.0	5447.0	61.0	7	fan	1
92.220645	8.01471	3.0	80.0	-52.4853	1953940.0	1171.91	23.0	68.0	4.0	1033.0	56.0	4307.0	68.0	7	fan	1
92.321283	8.01205	3.0	80.0	-52.5663	2499640.0	1171.57	13.0	83.0	6.0	1018.0	72.0	11113.0	83.0	7	fan	1
92.422205	8.0	3.0	80.0	-52.5786	4080280.0	1170.0	5.0	140.0	11.0	1071.0	101.0	5549.0	140.0	7	fan	1
92.522770	8.05747	3.0	80.0	-52.5977	2594560.0	1177.47	15.0	87.0	5.0	1018.0	76.0	7096.0	87.0	7	fan	1
92.622898	8.0	3.0	80.0	-52.5971	4246720.0	1170.0	8.0	139.0	6.0	1043.0	115.0	6497.0	139.0	7	fan	1
92.723233	8.0	3.0	80.0	-52.5954	3915720.0	1170.0	5.0	131.0	4.0	1055.0	112.0	8325.0	131.0	7	fan	1
92.823879	8.0	3.0	80.0	-52.472	3733030.0	1170.0	3.0	125.0	3.0	1043.0	107.0	7283.0	125.0	7	fan	1
92.925087	8.08333	3.0	80.0	-52.5417	2102890.0	1180.83	15.0	72.0	9.0	1068.0	58.0	7831.0	72.0	7	fan	1
93.025787	8.40741	3.0	80.0	-52.4444	817038.0	1222.96	30.0	27.0	5.0	1016.0	21.0	1261.0	27.0	7	fan	1
93.126627	8.08434	3.0	80.0	-52.4819	2433740.0	1180.96	22.0	83.0	3.0	1079.0	73.0	1592.0	83.0	7	fan	1
93.227069	8.08451	3.0	80.0	-52.5634	2072900.0	1180.99	25.0	71.0	6.0	1048.0	58.0	6872.0	71.0	7	fan	1
93.327230	8.33333	3.0	80.0	-52.625	713296.0	1213.33	34.0	24.0	4.0	1034.0	18.0	2583.0	24.0	7	fan	1
93.427483	8.05556	3.0	80.0	-52.5417	2198200.0	1177.22	15.0	72.0	3.0	1051.0	65.0	2503.0	72.0	7	fan	1
93.527759	8.72727	3.0	80.0	-52.0909	340318.0	1264.55	25.0	11.0	3.0	1032.0	8.0	2846.0	11.0	7	fan	1
93.627962	8.06897	3.0	80.0	-52.5172	1720660.0	1178.97	23.0	58.0	1.0	1053.0	48.0	8171.0	58.0	7	fan	1
93.728682	8.0	3.0	80.0	-52.488	3761030.0	1170.0	4.0	125.0	8.0	1020.0	101.0	6203.0	125.0	7	fan	1
93.829644	8.0	3.0	80.0	-52.4862	3304180.0	1170.0	12.0	109.0	8.0	1039.0	87.0	2647.0	109.0	7	fan	1
93.930901	8.0	3.0	80.0	-52.4453	3773320.0	1170.0	7.0	128.0	7.0	1059.0	113.0	9081.0	128.0	7	fan	1
94.031191	8.28947	3.0	80.0	-52.3684	1130820.0	1207.63	23.0	38.0	0.0	1036.0	32.0	9798.0	38.0	7	fan	1
94.132136	8.17143	3.0	80.0	-52.4857	1075820.0	1192.29	14.0	35.0	4.0	1060.0	28.0	1621.0	35.0	7	fan	1
94.232700	8.38462	3.0	80.0	-52.5	802155.0	1220.0	28.0	26.0	1.0	1044.0	22.0	1652.0	26.0	7	fan	1
94.332871	8.02752	3.0	80.0	-52.5413	3225530.0	1173.58	19.0	109.0	8.0	1044.0	91.0	3499.0	109.0	7	fan	1
94.433580	8.06349	3.0	80.0	-52.4444	1851380.0	1178.25	16.0	63.0	1.0	1038.0	55.0	1145.0	63.0	7	fan	1
94.534228	8.15909	3.0	80.0	-52.4545	1311120.0	1190.68	37.0	44.0	0.0	1128.0	41.0	5075.0	44.0	7	fan	1
94.634615	8.02479	3.0	80.0	-52.4298	3683890.0	1173.22	31.0	121.0	8.0	1262.0	102.0	5006.0	121.0	7	fan	1
94.735262	8.14286	3.0	80.0	-52.4898	1465520.0	1188.57	41.0	49.0	2.0	1282.0	45.0	8425.0	49.0	7	fan	1
94.836185	8.05882	3.0	80.0	-52.6324	2030210.0	1177.65	27.0	68.0	1.0	1243.0	59.0	5735.0	68.0	7	fan	1
94.936606	8.1087	3.0	80.0	-52.5978	2797060.0	1184.13	26.0	92.0	5.0	1212.0	76.0	6701.0	92.0	7	fan	1
95.037359	8.08219	3.0	80.0	-52.4521	2142190.0	1180.68	17.0	73.0	2.0	1243.0	59.0	2218.0	73.0	7	fan	1
95.137758	8.17308	3.0	80.0	-52.4038	1531190.0	1192.5	47.0	52.0	4.0	1230.0	40.0	7563.0	52.0	7	fan	1
95.238993	8.10417	3.0	80.0	-52.6042	1426510.0	1183.54	32.0	48.0	0.0	1223.0	39.0	2222.0	48.0	7	fan	1
95.339048	8.04255	3.0	80.0	-52.5532	2823200.0	1175.53	15.0	94.0	9.0	1254.0	74.0	2366.0	94.0	7	fan	1
95.440539	8.21053	3.0	80.0	-52.3333	1667940.0	1197.37	20.0	57.0	6.0	1228.0	49.0	10948.0	57.0	7	fan	1
95.540740	8.08974	3.0	80.0	-52.5769	2263600.0	1181.67	32.0	78.0	0.0	1207.0	65.0	9492.0	78.0	7	fan	1
95.641588	8.09259	3.0	80.0	-52.6111	1600710.0	1182.04	26.0	54.0	5.0	1261.0	38.0	3213.0	54.0	7	fan	1
95.742724	8.0202	3.0	80.0	-52.5051	2962090.0	1172.63	26.0	99.0	3.0	1259.0	87.0	4778.0	99.0	7	fan	1
95.843481	8.04494	3.0	80.0	-52.5843	2635150.0	1175.84	24.0	89.0	9.0	1207.0	72.0	7040.0	89.0	7	fan	1
95.944116	8.02632	3.0	80.0	-52.5175	3393740.0	1173.42	17.0	114.0	6.0	1248.0	95.0	3087.0	114.0	7	fan	1
96.044142	8.11765	3.0	80.0	-52.4902	1506400.0	1185.29	42.0	51.0	3.0	1216.0	42.0	1567.0	51.0	7	fan	1
96.144477	8.31429	3.0	80.0	-51.5429	1022660.0	1209.0	52.0	35.0	3.0	1234.0	29.0	7988.0	34.0	7	fan	1
96.244952	8.0	3.0	80.0	-52.6294	4279340.0	1170.0	11.0	143.0	8.0	1280.0	117.0	5197.0	143.0	7	fan	1
96.345943	8.03191	3.0	80.0	-52.3511	2782990.0	1174.15	23.0	94.0	4.0	1175.0	80.0	9908.0	94.0	7	fan	1
96.445945	8.06667	3.0	80.0	-52.4833	1815490.0	1178.67	20.0	60.0	2.0	1231.0	55.0	3987.0	60.0	7	fan	1
96.546506	8.06667	3.0	80.0	-52.68	2238730.0	1178.67	37.0	75.0	5.0	1130.0	62.0	3143.0	75.0	7	fan	1
96.647760	8.06931	3.0	80.0	-52.4554	3049050.0	1179.01	24.0	101.0	4.0	1239.0	81.0	7816.0	101.0	7	fan	1
96.748271	8.02752	3.0	80.0	-52.5688	3288160.0	1173.58	25.0	109.0	6.0	1216.0	90.0	9359.0	109.0	7	fan	1
96.848305	8.02308	3.0	80.0	-52.4923	3879240.0	1173.0	25.0	130.0	13.0	1240.0	103.0	15109.0	130.0	7	fan	1
96.949443	8.08772	3.0	80.0	-52.4211	1688240.0	1181.4	38.0	57.0	1.0	1206.0	51.0	2581.0	57.0	7	fan	1
97.049813	8.0431	3.0	80.0	-52.5	3479390.0	1175.6	21.0	116.0	11.0	1240.0	95.0	6250.0	116.0	7	fan	1
97.149997	8.0	3.0	80.0	-52.5069	4277570.0	1170.0	18.0	144.0	4.0	1197.0	128.0	9206.0	144.0	7	fan	1
97.250460	8.0	3.0	80.0	-52.4958	3538910.0	1170.0	25.0	119.0	3.0	1173.0	100.0	6779.0	119.0	7	fan	1
97.351913	8.03191	3.0	80.0	-52.4787	2769830.0	1174.15	32.0	94.0	8.0	1243.0	77.0	7854.0	94.0	7	fan	1
97.452220	8.38298	3.0	80.0	-52.6596	1408360.0	1219.79	42.0	47.0	4.0	1195.0	39.0	13374.0	47.0	7	fan	1
97.553122	8.12676	3.0	80.0	-52.5493	2152890.0	1186.48	40.0	71.0	3.0	1232.0	65.0	5646.0	71.0	7	fan	1
97.653928	8.03093	3.0	80.0	-52.6082	2865400.0	1174.02	19.0	97.0	5.0	1207.0	78.0	6082.0	97.0	7	fan	1
97.754370	8.00833	3.0	80.0	-52.5833	3569740.0	1171.08	24.0	120.0	6.0	1193.0	89.0	3280.0	120.0	7	fan	1
97.855281	8.0	3.0	80.0	-52.5688	4812630.0	1170.0	15.0	160.0	13.0	1234.0	134.0	10776.0	160.0	7	fan	1
97.956209	8.0	3.0	80.0	-52.4969	4692300.0	1170.0	20.0	159.0	7.0	1208.0	136.0	6264.0	159.0	7	fan	1
98.057236	8.05814	3.0	80.0	-52.5698	2595320.0	1177.56	45.0	86.0	5.0	1256.0	63.0	3958.0	86.0	7	fan	1
98.157629	8.5	3.0	80.0	-52.5455	680092.0	1235.0	39.0	22.0	3.0	1201.0	17.0	8655.0	22.0	7	fan	1
98.257806	8.21311	3.0	80.0	-52.4918	1858480.0	1197.7	34.0	61.0	7.0	1245.0	50.0	2362.0	61.0	7	fan	1
98.358179	8.25532	3.0	80.0	-52.5745	1452210.0	1203.19	32.0	47.0	4.0	1196.0	37.0	2390.0	47.0	7	fan	1
98.458230	8.025	3.0	80.0	-52.475	3553820.0	1173.25	40.0	120.0	5.0	1182.0	101.0	3214.0	120.0	7	fan	1
98.558515	8.0	3.0	80.0	-52.5641	3558140.0	1170.0	21.0	117.0	8.0	1238.0	93.0	2626.0	117.0	7	fan	1
98.659379	8.0	3.0	80.0	-52.5446	3369030.0	1170.0	8.0	112.0	3.0	1025.0	95.0	2146.0	112.0	7	fan	1
98.759457	7.00516	3.0	80.0	-51.4157	34080500.0	976.007	4.0	1162.0	13.0	1229.0	21.0	0.0	75.0	7	fan	1
98.860090	7.00559	3.0	79.7127	-51.4876	36408900.0	971.732	0.0	1253.0	1.0	1263.0	14.0	3072.0	70.0	7	fan	1
98.960391	7.10395	3.0	80.0	-51.6091	20073700.0	995.271	0.0	683.0	5.0	1245.0	62.0	1084.0	96.0	7	fan	1
99.061339	8.01316	3.0	80.0	-52.5	2245480.0	1171.71	38.0	76.0	6.0	1244.0	65.0	8558.0	76.0	7	fan	1
99.162123	8.09615	3.0	80.0	-52.5481	3111370.0	1182.5	38.0	104.0	6.0	1239.0	85.0	7771.0	104.0	7	fan	1
99.262279	8.04348	3.0	80.0	-52.4565	2758840.0	1175.65	32.0	92.0	10.0	1201.0	68.0	3950.0	92.0	7	fan	1
99.362569	8.16129	3.0	80.0	-52.5645	1871840.0	1190.97	50.0	62.0	1.0	1262.0	55.0	5025.0	62.0	7	fan	1
99.462676	8.12698	3.0	80.0	-52.381	1862510.0	1186.51	40.0	63.0	7.0	1250.0	53.0	8161.0	63.0	7	fan	1
99.563143	8.08696	3.0	80.0	-52.5072	2024700.0	1181.3	56.0	69.0	6.0	1217.0	56.0	8297.0	69.0	7	fan	1
99.664332	8.0198	3.0	80.0	-52.5545	3021200.0	1172.57	43.0	101.0	4.0	1274.0	86.0	1762.0	101.0	7	fan	1
99.765153	8.14286	3.0	80.0	-52.4127	1907950.0	1188.57	51.0	63.0	8.0	1224.0	51.0	5937.0	63.0	7	fan	1
99.866346	8.06604	3.0	80.0	-52.4057	3115740.0	1178.58	28.0	106.0	16.0	1243.0	83.0	3067.0	106.0	7	fan	1
99.966740	8.02308	3.0	80.0	-52.4923	3866650.0	1173.0	22.0	130.0	10.0	1268.0	100.0	2905.0	130.0	7	fan	1
100.067068	8.0	3.0	80.0	-52.5862	3467400.0	1170.0	22.0	116.0	6.0	1111.0	102.0	5712.0	116.0	7	fan	1
100.167507	8.0	3.0	80.0	-52.5046	3276300.0	1170.0	8.0	109.0	8.0	1078.0	83.0	5687.0	109.0	7	fan	1
100.268386	8.0	3.0	80.0	-52.6397	4018360.0	1170.0	9.0	136.0	10.0	1042.0	111.0	6863.0	136.0	7	fan	1
100.368878	8.0	3.0	80.0	-52.5727	3291030.0	1170.0	9.0	110.0	9.0	1087.0	95.0	3068.0	110.0	7	fan	1
100.469931	8.0087	3.0	80.0	-52.5565	3456610.0	1171.13	12.0	115.0	6.0	1129.0	92.0	7711.0	115.0	7	fan	1
100.570434	8.008	3.0	80.0	-52.616	3782440.0	1171.04	20.0	125.0	14.0	1207.0	94.0	5342.0	125.0	7	fan	1
100.670845	8.03077	3.0	80.0	-52.4769	3850070.0	1174.0	20.0	130.0	13.0	1181.0	105.0	8627.0	130.0	7	fan	1
100.771456	8.27907	3.0	80.0	-52.6047	1280570.0	1206.28	53.0	43.0	7.0	1202.0	33.0	4820.0	43.0	7	fan	1
100.871461	8.5	3.0	80.0	-52.5	496258.0	1235.0	40.0	16.0	2.0	1147.0	13.0	1552.0	16.0	7	fan	1
100.971901	8.024	3.0	80.0	-52.56	3724880.0	1173.12	22.0	125.0	6.0	1187.0	99.0	16657.0	125.0	7	fan	1
101.072304	8.04211	3.0	80.0	-52.4421	2859820.0	1175.47	8.0	95.0	3.0	1206.0	79.0	9626.0	95.0	7	fan	1
101.173783	8.025	3.0	80.0	-52.575	2370890.0	1173.25	27.0	80.0	0.0	1246.0	71.0	6897.0	80.0	7	fan	1
101.273861	8.22	3.0	80.0	-52.6	1489320.0	1198.6	31.0	50.0	6.0	1099.0	41.0	1401.0	50.0	7	fan	1
101.374993	8.0	3.0	80.0	-52.6167	3592470.0	1170.0	5.0	120.0	0.0	1061.0	109.0	7811.0	120.0	7	fan	1
101.475802	8.0	3.0	80.0	-52.4651	3864670.0	1170.0	6.0	129.0	4.0	1053.0	107.0	5061.0	129.0	7	fan	1
101.577224	8.00893	3.0	80.0	-52.5179	3292670.0	1171.16	21.0	112.0	6.0	1066.0	96.0	9922.0	112.0	7	fan	1
101.678186	8.0	3.0	80.0	-52.4524	3796890.0	1170.0	13.0	126.0	9.0	1041.0	102.0	5181.0	126.0	7	fan	1
101.779024	8.02222	3.0	80.0	-52.6111	2619780.0	1172.89	13.0	90.0	9.0	1042.0	72.0	483.0	90.0	7	fan	1
101.879214	8.0	3.0	80.0	-52.661	3578520.0	1170.0	11.0	118.0	3.0	1055.0	98.0	4808.0	118.0	7	fan	1
101.979303	8.01887	3.0	80.0	-52.4528	3240620.0	1172.45	19.0	106.0	4.0	1036.0	92.0	10339.0	106.0	7	fan	1
102.079814	8.11111	3.0	80.0	-52.4074	1592330.0	1184.44	25.0	54.0	4.0	1074.0	44.0	5537.0	54.0	7	fan	1
102.179884	8.01709	3.0	80.0	-52.5214	3536880.0	1172.22	13.0	117.0	16.0	1033.0	89.0	5837.0	117.0	7	fan	1
102.279990	8.0	3.0	80.0	-52.7015	3985830.0	1170.0	7.0	134.0	9.0	1073.0	109.0	2757.0	134.0	7	fan	1
102.380873	8.38095	3.0	80.0	-52.7619	630708.0	1219.52	17.0	21.0	4.0	1083.0	16.0	2984.0	21.0	7	fan	1
102.481475	8.1087	3.0	80.0	-52.5	1402700.0	1184.13	34.0	46.0	7.0	1050.0	32.0	2932.0	46.0	7	fan	1
102.581762	8.08696	3.0	80.0	-52.5797	2028340.0	1181.3	38.0	69.0	8.0	1101.0	54.0	4220.0	69.0	7	fan	1
102.682940	8.25926	3.0	80.0	-52.5185	813304.0	1203.7	28.0	27.0	2.0	1020.0	21.0	3464.0	27.0	7	fan	1
102.783381	8.06154	3.0	80.0	-52.5692	1963210.0	1178.0	33.0	65.0	4.0	1063.0	54.0	3114.0	65.0	7	fan	1
102.884452	8.08621	3.0	80.0	-52.5	1720740.0	1181.21	20.0	58.0	7.0	1064.0	44.0	1215.0	58.0	7	fan	1
102.984622	8.29412	3.0	80.0	-52.4412	1052490.0	1208.24	19.0	34.0	3.0	1071.0	29.0	5208.0	34.0	7	fan	1
103.084927	8.12069	3.0	80.0	-52.4828	1748240.0	1185.69	28.0	58.0	4.0	1270.0	45.0	10226.0	58.0	7	fan	1
103.184982	8.04494	3.0	80.0	-52.5618	2623490.0	1175.84	32.0	89.0	6.0	1168.0	74.0	9629.0	89.0	7	fan	1
103.285422	8.09836	3.0	80.0	-52.459	1793930.0	1182.79	24.0	61.0	7.0	1243.0	45.0	6195.0	61.0	7	fan	1
103.385752	8.0	3.0	80.0	-52.5686	3063430.0	1170.0	21.0	102.0	14.0	1158.0	79.0	3948.0	102.0	7	fan	1
103.486241	8.03571	3.0	80.0	-52.5143	4186130.0	1174.64	24.0	140.0	7.0	1243.0	113.0	11241.0	140.0	7	fan	1
103.586568	8.0463	3.0	80.0	-52.5556	3187970.0	1176.02	34.0	108.0	8.0	1263.0	87.0	8541.0	108.0	7	fan	1
103.686713	8.06818	3.0	80.0	-52.5341	2694570.0	1178.86	31.0	88.0	15.0	1266.0	60.0	4564.0	88.0	7	fan	1
103.787261	8.09524	3.0	80.0	-52.5397	1823270.0	1182.38	31.0	63.0	4.0	1242.0	56.0	6489.0	63.0	7	fan	1
103.888195	8.00752	3.0	80.0	-52.5263	3937560.0	1170.98	28.0	133.0	9.0	1259.0	106.0	5626.0	133.0	7	fan	1
103.988280	8.0177	3.0	80.0	-52.4159	3365960.0	1172.3	32.0	113.0	13.0	1238.0	88.0	5767.0	113.0	7	fan	1
104.089365	8.22449	3.0	80.0	-52.6122	1458580.0	1199.18	54.0	49.0	9.0	1275.0	34.0	1758.0	49.0	7	fan	1
104.189848	8.00952	3.0	80.0	-52.381	3164790.0	1171.24	34.0	105.0	8.0	1220.0	88.0	2727.0	105.0	7	fan	1
104.291040	8.19118	3.0	80.0	-52.5735	2040370.0	1194.85	29.0	68.0	5.0	1267.0	57.0	14644.0	68.0	7	fan	1
104.391041	8.06024	3.0	80.0	-52.506	2469310.0	1177.83	20.0	83.0	8.0	1271.0	67.0	3454.0	83.0	7	fan	1
104.491901	8.03371	3.0	80.0	-52.5618	2557850.0	1174.38	21.0	89.0	6.0	1243.0	72.0	9722.0	89.0	7	fan	1
104.592920	7.13043	3.0	80.0	-51.4849	17396200.0	1000.43	13.0	598.0	17.0	1277.0	66.0	6750.0	122.0	7	fan	1
104.693784	7.19578	3.0	80.0	-51.6756	15283200.0	1013.18	12.0	521.0	10.0	1252.0	86.0	5452.0	126.0	7	fan	1
104.794740	8.00758	3.0	80.0	-52.6288	3920310.0	1170.98	21.0	132.0	16.0	1265.0	99.0	10032.0	132.0	7	fan	1
104.895182	8.04545	3.0	80.0	-52.6364	2612050.0	1175.91	23.0	88.0	4.0	1273.0	78.0	2758.0	88.0	7	fan	1
104.995335	8.16393	3.0	80.0	-52.623	1828580.0	1191.31	35.0	61.0	5.0	1257.0	47.0	4495.0	61.0	7	fan	1
105.095481	8.12162	3.0	80.0	-52.4865	2172070.0	1185.81	25.0	74.0	8.0	1220.0	60.0	5228.0	74.0	7	fan	1
105.196698	8.10526	3.0	80.0	-52.6491	1687160.0	1183.68	30.0	57.0	5.0	1285.0	46.0	1599.0	57.0	7	fan	1
105.297950	8.2	3.0	80.0	-52.6444	1348850.0	1196.0	31.0	45.0	3.0	1218.0	34.0	6018.0	45.0	7	fan	1
105.398212	8.08108	3.0	80.0	-52.7838	2138060.0	1180.54	25.0	74.0	6.0	1175.0	60.0	10058.0	74.0	7	fan	1
105.498985	8.18644	3.0	80.0	-52.5763	1741520.0	1194.24	45.0	59.0	3.0	1218.0	52.0	5674.0	59.0	7	fan	1
105.599245	8.11765	3.0	80.0	-52.4412	1021350.0	1185.29	63.0	34.0	4.0	1249.0	28.0	1169.0	34.0	7	fan	1
105.699422	8.13514	3.0	80.0	-52.6486	1115690.0	1187.57	44.0	37.0	4.0	1279.0	29.0	3288.0	37.0	7	fan	1
105.799509	8.28	3.0	80.0	-52.64	729280.0	1206.4	30.0	25.0	3.0	1245.0	21.0	854.0	25.0	7	fan	1
105.900511	8.36364	3.0	80.0	-52.7045	1277150.0	1217.27	39.0	44.0	4.0	1242.0	37.0	4424.0	44.0	7	fan	1
106.000709	8.24	3.0	80.0	-52.6	744191.0	1201.2	31.0	25.0	5.0	1227.0	19.0	4263.0	25.0	7	fan	1
106.101711	8.03704	3.0	80.0	-52.5926	3256930.0	1174.81	29.0	108.0	9.0	1211.0	83.0	3336.0	108.0	7	fan	1
106.202217	8.09375	3.0	80.0	-52.6458	2871970.0	1182.19	33.0	96.0	13.0	1194.0	72.0	14373.0	96.0	7	fan	1
106.302234	8.11842	3.0	80.0	-52.5263	2235840.0	1185.39	22.0	76.0	6.0	1245.0	61.0	5635.0	76.0	7	fan	1
106.402806	8.09524	3.0	80.0	-52.5238	1868130.0	1182.38	38.0	63.0	2.0	1156.0	54.0	4068.0	63.0	7	fan	1
106.503983	8.0	3.0	80.0	-52.6505	3068410.0	1170.0	24.0	103.0	3.0	1240.0	89.0	3832.0	103.0	7	fan	1
106.604998	8.09091	3.0	80.0	-52.6104	2258950.0	1181.82	38.0	77.0	6.0	1191.0	65.0	5751.0	77.0	7	fan	1
106.706098	8.0	3.0	80.0	-52.5706	4791330.0	1170.0	15.0	163.0	13.0	1225.0	120.0	6654.0	163.0	7	fan	1
106.806915	8.02113	3.0	80.0	-52.5141	4233820.0	1172.75	25.0	142.0	8.0	1246.0	108.0	7139.0	142.0	7	fan	1
106.907059	8.08537	3.0	80.0	-52.6463	2465080.0	1181.1	34.0	82.0	7.0	1175.0	65.0	5607.0	82.0	7	fan	1
107.007272	8.02273	3.0	80.0	-52.5909	3919870.0	1172.95	25.0	132.0	15.0	1211.0	104.0	7486.0	132.0	7	fan	1
107.108527	8.06154	3.0	80.0	-52.5538	1961550.0	1178.0	30.0	65.0	6.0	1192.0	54.0	5564.0	65.0	7	fan	1
107.209712	8.02239	3.0	80.0	-52.5448	4018270.0	1172.91	23.0	134.0	10.0	1200.0	111.0	7353.0	134.0	7	fan	1
107.310140	8.15	3.0	80.0	-52.375	1129830.0	1189.5	35.0	40.0	8.0	1242.0	26.0	1322.0	40.0	7	fan	1
107.410534	8.22857	3.0	80.0	-52.5286	2042430.0	1199.71	30.0	70.0	9.0	1135.0	52.0	3600.0	70.0	7	fan	1
107.511001	8.03922	3.0	76.8627	-52.3725	1514870.0	1135.49	25.0	51.0	9.0	1085.0	38.0	3347.0	47.0	7	fan	1
107.611922	8.41176	3.0	80.0	-52.3529	447675.0	1223.53	27.0	17.0	4.0	1044.0	13.0	2856.0	17.0	7	fan	1
107.712870	8.32143	3.0	80.0	-52.6071	845371.0	1211.79	45.0	28.0	4.0	1156.0	23.0	8002.0	28.0	7	fan	1
107.813226	8.075	3.0	80.0	-52.3625	2382560.0	1179.75	19.0	80.0	6.0	1209.0	64.0	1395.0	80.0	7	fan	1
107.914131	8.16418	3.0	80.0	-52.597	2015360.0	1191.34	31.0	67.0	6.0	1188.0	56.0	6107.0	67.0	7	fan	1
108.014930	8.04098	3.0	80.0	-52.6148	3679380.0	1175.33	40.0	122.0	10.0	1039.0	88.0	6899.0	122.0	7	fan	1
108.115543	8.22917	3.0	80.0	-52.5417	1435450.0	1199.79	29.0	48.0	6.0	1057.0	36.0	3561.0	48.0	7	fan	1
108.215700	8.08333	3.0	80.0	-52.7778	1084870.0	1180.83	33.0	36.0	3.0	1034.0	30.0	3197.0	36.0	7	fan	1
108.317184	8.08824	3.0	80.0	-52.5294	1025120.0	1181.47	36.0	34.0	4.0	1069.0	24.0	2391.0	34.0	7	fan	1
108.417335	8.03846	3.0	80.0	-52.5769	2355570.0	1175.0	21.0	78.0	7.0	1061.0	63.0	2984.0	78.0	7	fan	1
108.518578	8.04819	3.0	80.0	-52.6867	2469260.0	1176.27	37.0	83.0	5.0	1037.0	69.0	5075.0	83.0	7	fan	1
108.619737	8.00813	3.0	80.0	-52.5772	3622300.0	1171.06	24.0	123.0	8.0	1077.0	93.0	5392.0	123.0	7	fan	1
108.720507	8.0625	3.0	80.0	-52.625	3423960.0	1178.12	27.0	112.0	10.0	1075.0	90.0	5013.0	112.0	7	fan	1
108.821205	8.07042	3.0	80.0	-52.5493	2127180.0	1179.15	24.0	71.0	5.0	1042.0	59.0	8040.0	71.0	7	fan	1
108.921734	8.01	3.0	80.0	-52.72	3011160.0	1171.3	16.0	100.0	3.0	1063.0	82.0	6917.0	100.0	7	fan	1
109.022096	8.33333	3.0	80.0	-52.5556	820035.0	1213.33	36.0	27.0	4.0	1050.0	21.0	3037.0	27.0	7	fan	1
109.122127	8.0396	3.0	80.0	-52.5743	3071770.0	1175.15	33.0	101.0	10.0	1234.0	81.0	8013.0	101.0	7	fan	1
109.223671	8.08475	3.0	80.0	-52.5593	1757780.0	1181.02	45.0	59.0	6.0	1174.0	43.0	7873.0	59.0	7	fan	1
109.324661	8.03614	3.0	80.0	-52.5422	2400720.0	1174.7	21.0	83.0	2.0	1058.0	71.0	6032.0	83.0	7	fan	1
109.425546	7.04857	3.0	80.0	-51.5181	22720600.0	984.471	0.0	803.0	6.0	1053.0	43.0	5915.0	74.0	7	fan	1
109.526185	7.16008	3.0	80.0	-51.5443	15522000.0	1006.09	10.0	531.0	8.0	1088.0	80.0	3784.0	112.0	7	fan	1
109.627494	7.19309	3.0	80.0	-51.6768	14148300.0	1012.65	19.0	492.0	15.0	1197.0	77.0	615.0	118.0	7	fan	1
109.728261	7.27521	3.0	80.0	-51.7584	13970900.0	1028.67	3.0	476.0	8.0	1299.0	112.0	6233.0	160.0	7	fan	1
109.828619	8.0	3.0	80.0	-52.5605	4686800.0	1170.0	11.0	157.0	15.0	1273.0	120.0	10123.0	157.0	7	fan	1
109.929166	8.0	3.0	80.0	-52.4966	4340440.0	1170.0	7.0	147.0	10.0	1184.0	121.0	9079.0	147.0	7	fan	1
110.029747	8.03448	3.0	80.0	-52.6379	3441890.0	1174.48	26.0	116.0	9.0	1244.0	89.0	9913.0	116.0	7	fan	1
110.130547	8.05208	3.0	80.0	-52.6771	2834820.0	1176.77	32.0	96.0	9.0	1262.0	77.0	4942.0	96.0	7	fan	1
110.230839	8.12857	3.0	80.0	-52.6571	2044750.0	1186.71	25.0	70.0	2.0	1234.0	60.0	4771.0	70.0	7	fan	1
110.331363	8.02344	3.0	80.0	-52.75	3783390.0	1173.05	32.0	128.0	14.0	1230.0	97.0	2261.0	128.0	7	fan	1
110.432342	8.05	3.0	80.0	-52.6583	3626110.0	1176.5	26.0	120.0	5.0	1271.0	100.0	11778.0	120.0	7	fan	1
110.532906	8.15686	3.0	80.0	-52.5882	1542920.0	1190.39	25.0	51.0	4.0	1202.0	46.0	8407.0	51.0	7	fan	1
110.633354	8.03571	3.0	80.0	-52.4196	3277820.0	1174.64	21.0	112.0	4.0	1224.0	89.0	3998.0	112.0	7	fan	1
110.733675	8.06838	3.0	80.0	-52.5983	3466580.0	1178.89	21.0	117.0	13.0	1273.0	88.0	3467.0	117.0	7	fan	1
110.834338	7.08475	3.0	80.0	-51.5322	17120100.0	990.975	43.0	590.0	10.0	1238.0	48.0	1418.0	69.0	7	fan	1
110.934892	7.0	3.0	80.0	-51.3958	35817900.0	975.0	0.0	1228.0	1.0	1256.0	23.0	1055.0	85.0	7	fan	1
111.035579	7.02511	3.0	80.0	-51.6018	32305000.0	979.897	7.0	1115.0	9.0	1292.0	28.0	3237.0	59.0	7	fan	1
111.136269	7.82323	3.0	80.0	-52.4848	5843530.0	1135.53	11.0	198.0	15.0	1252.0	128.0	7625.0	163.0	7	fan	1
111.237175	8.0381	3.0	80.0	-52.5333	3137230.0	1174.95	36.0	105.0	7.0	1250.0	90.0	3740.0	105.0	7	fan	1
111.338170	8.15278	3.0	80.0	-52.5	2150530.0	1189.86	49.0	72.0	8.0	1253.0	55.0	6736.0	72.0	7	fan	1
111.439216	8.0	3.0	80.0	-52.5652	5439840.0	1170.0	17.0	184.0	14.0	1248.0	147.0	8525.0	184.0	7	fan	1
111.539405	8.00658	3.0	80.0	-52.6053	4525230.0	1170.86	12.0	152.0	11.0	1227.0	121.0	10568.0	152.0	7	fan	1
111.639476	8.04124	3.0	80.0	-52.6186	2931840.0	1175.36	36.0	97.0	10.0	1255.0	74.0	7502.0	97.0	7	fan	1
111.739835	8.00813	3.0	80.0	-52.5447	3681350.0	1171.06	27.0	123.0	7.0	1243.0	105.0	10821.0	123.0	7	fan	1
111.840253	8.0	3.0	80.0	-52.6027	4418920.0	1170.0	3.0	146.0	12.0	1186.0	113.0	2702.0	146.0	7	fan	1
111.941096	8.0	3.0	80.0	-52.4747	4755590.0	1170.0	23.0	158.0	12.0	1233.0	125.0	12178.0	158.0	7	fan	1
112.042083	8.0	3.0	80.0	-52.7192	4335400.0	1170.0	10.0	146.0	12.0	1193.0	120.0	4767.0	146.0	7	fan	1
112.142925	8.10345	3.0	80.0	-52.5	1740000.0	1183.45	33.0	58.0	3.0	1136.0	48.0	6904.0	58.0	7	fan	1
112.244047	8.07527	3.0	80.0	-52.5914	2764310.0	1179.78	18.0	93.0	1.0	1227.0	80.0	8740.0	93.0	7	fan	1
112.344456	8.05263	3.0	80.0	-52.5474	2829980.0	1176.84	38.0	95.0	16.0	1211.0	73.0	4900.0	95.0	7	fan	1
112.444860	8.0396	3.0	80.0	-52.5842	2999830.0	1175.15	42.0	101.0	6.0	1151.0	83.0	2306.0	101.0	7	fan	1
112.544926	8.0	3.0	80.0	-52.6588	4982640.0	1170.0	10.0	170.0	10.0	1259.0	133.0	6924.0	170.0	7	fan	1
112.645659	8.0	3.0	80.0	-52.634	4547380.0	1170.0	12.0	153.0	10.0	1179.0	128.0	8682.0	153.0	7	fan	1
112.746254	8.03922	3.0	80.0	-52.7059	3025050.0	1175.1	36.0	102.0	16.0	1248.0	78.0	4199.0	102.0	7	fan	1
112.847543	8.09259	3.0	80.0	-52.5926	1624340.0	1182.04	38.0	54.0	2.0	1208.0	50.0	2277.0	54.0	7	fan	1
112.948066	8.42857	3.0	80.0	-52.3214	848580.0	1225.71	60.0	28.0	6.0	1173.0	22.0	2633.0	28.0	7	fan	1
113.048638	8.02459	3.0	80.0	-52.6803	3687200.0	1173.2	26.0	122.0	5.0	1251.0	107.0	4228.0	122.0	7	fan	1
113.148720	8.0	3.0	80.0	-52.5039	3878140.0	1170.0	13.0	129.0	7.0	1230.0	112.0	10963.0	129.0	7	fan	1
113.249630	7.06815	3.0	80.0	-51.5544	22303800.0	988.29	9.0	763.0	10.0	1281.0	49.0	1367.0	98.0	7	fan	1
113.350107	7.0	3.0	80.0	-51.5138	35862500.0	975.0	0.0	1230.0	0.0	1256.0	20.0	2048.0	82.0	7	fan	1
113.451289	7.18864	3.0	80.0	-51.5897	15850900.0	1011.79	12.0	546.0	24.0	1249.0	81.0	6706.0	132.0	7	fan	1
113.552382	7.20777	3.0	80.0	-51.7612	14912800.0	1015.51	10.0	515.0	13.0	1263.0	90.0	7463.0	127.0	7	fan	1
113.652383	7.06191	3.0	80.0	-51.596	28004900.0	987.072	6.0	953.0	5.0	1287.0	65.0	6979.0	107.0	7	fan	1
113.752931	8.0	3.0	80.0	-52.5556	4028420.0	1170.0	15.0	135.0	7.0	1244.0	114.0	2812.0	135.0	7	fan	1
113.853697	7.02019	3.0	80.0	-51.5413	30498800.0	978.938	7.0	1040.0	6.0	1227.0	39.0	3799.0	85.0	7	fan	1
113.954668	8.0	3.0	80.0	-52.5396	3971090.0	1170.0	17.0	139.0	11.0	1282.0	105.0	3508.0	139.0	7	fan	1
114.054822	8.0	3.0	80.0	-52.5743	4387610.0	1170.0	21.0	148.0	19.0	1235.0	113.0	14167.0	148.0	7	fan	1
114.155946	8.0	3.0	80.0	-52.5691	3668960.0	1170.0	20.0	123.0	4.0	1264.0	100.0	5715.0	123.0	7	fan	1
114.256236	8.0	3.0	80.0	-52.4966	4319280.0	1170.0	22.0	145.0	10.0	1268.0	128.0	10637.0	145.0	7	fan	1
114.357765	8.09677	3.0	80.0	-52.5645	1879510.0	1182.58	50.0	62.0	7.0	1156.0	44.0	3029.0	62.0	7	fan	1
114.457909	8.00833	3.0	80.0	-52.5917	3550530.0	1171.08	25.0	120.0	16.0	1180.0	90.0	1886.0	120.0	7	fan	1
114.558523	8.0	3.0	80.0	-52.5432	4934360.0	1170.0	5.0	162.0	9.0	1259.0	133.0	5989.0	162.0	7	fan	1
114.658760	8.06757	3.0	80.0	-52.5405	2259520.0	1178.78	37.0	74.0	5.0	1214.0	60.0	5701.0	74.0	7	fan	1
114.758764	8.04545	3.0	80.0	-52.5091	3307220.0	1175.91	40.0	110.0	13.0	1250.0	80.0	9689.0	110.0	7	fan	1
114.858814	8.18333	3.0	80.0	-52.6167	1845270.0	1193.83	27.0	60.0	6.0	1222.0	49.0	6624.0	60.0	7	fan	1
114.959460	8.00775	3.0	80.0	-52.5349	3810400.0	1171.01	19.0	129.0	10.0	1241.0	100.0	12459.0	129.0	7	fan	1
115.060975	8.03571	3.0	80.0	-52.6071	2462390.0	1174.64	34.0	84.0	6.0	1224.0	69.0	2682.0	84.0	7	fan	1
115.161596	8.00662	3.0	80.0	-52.6358	4564220.0	1170.86	18.0	151.0	8.0	1219.0	116.0	8793.0	151.0	7	fan	1
115.261989	8.04819	3.0	80.0	-52.4819	2444690.0	1176.27	31.0	83.0	5.0	1208.0	70.0	4622.0	83.0	7	fan	1
115.362222	8.4186	3.0	80.0	-52.6047	1331080.0	1224.42	38.0	43.0	7.0	1179.0	35.0	9577.0	43.0	7	fan	1
115.463119	8.08889	3.0	80.0	-52.4222	1293820.0	1181.56	42.0	45.0	7.0	1209.0	30.0	3652.0	45.0	7	fan	1
115.564094	8.03061	3.0	80.0	-52.6531	2920790.0	1173.98	29.0	98.0	8.0	1191.0	84.0	3101.0	98.0	7	fan	1
115.664416	8.0625	3.0	80.0	-52.6625	2337500.0	1178.12	23.0	80.0	9.0	1234.0	60.0	5333.0	80.0	7	fan	1
115.764483	8.18	3.0	80.0	-52.56	1519260.0	1193.4	36.0	50.0	4.0	1175.0	42.0	3620.0	50.0	7	fan	1
115.865449	8.17073	3.0	80.0	-52.6098	1214820.0	1192.2	57.0	41.0	7.0	1214.0	32.0	8308.0	41.0	7	fan	1
115.965499	8.00826	3.0	80.0	-52.5868	3555510.0	1171.07	18.0	121.0	5.0	1211.0	97.0	9261.0	121.0	7	fan	1
116.066738	8.0	3.0	80.0	-52.6562	3847940.0	1170.0	18.0	128.0	11.0	1199.0	102.0	2301.0	128.0	7	fan	1
116.166974	8.0411	3.0	80.0	-52.6301	2213890.0	1175.34	32.0	73.0	14.0	1222.0	54.0	11677.0	73.0	7	fan	1
116.267682	8.13235	3.0	80.0	-52.5735	1989700.0	1187.21	29.0	68.0	5.0	1127.0	60.0	6395.0	68.0	7	fan	1
116.368333	8.08333	3.0	80.0	-52.6667	1434080.0	1180.83	30.0	48.0	6.0	1093.0	37.0	1532.0	48.0	7	fan	1
116.468340	8.04167	3.0	80.0	-52.6667	2811680.0	1175.42	37.0	96.0	6.0	1049.0	78.0	1295.0	96.0	7	fan	1
116.568446	8.09091	3.0	80.0	-52.5909	1333350.0	1181.82	31.0	44.0	6.0	1006.0	34.0	6127.0	44.0	7	fan	1
116.669849	8.07407	3.0	80.0	-52.6296	1622750.0	1179.63	21.0	54.0	9.0	997.0	39.0	2595.0	54.0	7	fan	1
116.769900	8.01818	3.0	80.0	-52.6091	3319850.0	1172.36	23.0	110.0	7.0	1114.0	90.0	8241.0	110.0	7	fan	1
116.870278	8.16667	3.0	80.0	-52.4	897642.0	1191.67	14.0	30.0	6.0	1058.0	24.0	3514.0	30.0	7	fan	1
116.970733	8.11628	3.0	80.0	-52.6279	1313310.0	1185.12	42.0	43.0	3.0	1063.0	36.0	4139.0	43.0	7	fan	1
117.070851	8.33333	3.0	80.0	-52.4815	776421.0	1213.33	38.0	27.0	1.0	1063.0	26.0	2428.0	27.0	7	fan	1
117.171073	8.34483	3.0	80.0	-52.4483	882883.0	1214.83	26.0	29.0	1.0	1045.0	25.0	3278.0	29.0	7	fan	1
117.272018	8.21429	3.0	80.0	-52.4048	1261710.0	1197.86	19.0	42.0	1.0	1059.0	36.0	4797.0	42.0	7	fan	1
117.372102	8.18605	3.0	80.0	-52.5814	1317340.0	1194.19	29.0	43.0	6.0	1064.0	33.0	6816.0	43.0	7	fan	1
117.473153	8.47059	3.0	80.0	-52.4706	521659.0	1231.18	42.0	17.0	2.0	1137.0	13.0	957.0	17.0	7	fan	1
117.574281	8.03175	3.0	80.0	-52.5635	3775790.0	1174.13	20.0	126.0	9.0	1268.0	101.0	9781.0	126.0	7	fan	1
117.675234	8.00602	3.0	80.0	-52.5181	4919790.0	1170.78	23.0	166.0	16.0	1234.0	127.0	4708.0	166.0	7	fan	1
117.776570	8.04032	3.0	80.0	-52.621	3632100.0	1175.24	31.0	124.0	8.0	1237.0	95.0	5113.0	124.0	7	fan	1
117.877200	8.2069	3.0	80.0	-52.5517	848614.0	1196.9	38.0	29.0	5.0	1223.0	24.0	1430.0	29.0	7	fan	1
117.978158	8.01408	3.0	80.0	-52.5423	4332050.0	1171.83	29.0	142.0	13.0	1226.0	109.0	10437.0	142.0	7	fan	1
118.078583	8.0	3.0	80.0	-52.619	4373730.0	1170.0	6.0	147.0	8.0	1281.0	122.0	3411.0	147.0	7	fan	1
118.179017	8.00763	3.0	80.0	-52.6489	3970730.0	1170.99	22.0	131.0	4.0	1232.0	115.0	10567.0	131.0	7	fan	1
118.279782	8.1039	3.0	80.0	-52.6234	2250000.0	1183.51	32.0	77.0	11.0	1261.0	60.0	3453.0	77.0	7	fan	1
118.380241	8.08696	3.0	80.0	-52.5435	1374790.0	1181.3	41.0	46.0	2.0	1232.0	40.0	3902.0	46.0	7	fan	1
118.480861	8.0	3.0	80.0	-52.6336	3901660.0	1170.0	21.0	131.0	11.0	1238.0	104.0	1034.0	131.0	7	fan	1
118.581524	8.01379	3.0	80.0	-52.5241	4227210.0	1171.79	26.0	145.0	14.0	1282.0	113.0	2495.0	145.0	7	fan	1
118.682575	8.0	3.0	80.0	-52.5827	4146210.0	1170.0	13.0	139.0	18.0	1112.0	102.0	1116.0	139.0	7	fan	1
118.783119	8.0	3.0	80.0	-52.6076	4679170.0	1170.0	20.0	158.0	15.0	1211.0	118.0	9053.0	158.0	7	fan	1
118.884533	8.11429	3.0	80.0	-52.6571	2065730.0	1184.86	26.0	70.0	1.0	1272.0	63.0	5634.0	70.0	7	fan	1
118.985261	8.04762	3.0	80.0	-52.6786	2482230.0	1176.19	34.0	84.0	13.0	1238.0	65.0	8735.0	84.0	7	fan	1
119.086318	8.0	3.0	80.0	-52.5644	4822110.0	1170.0	13.0	163.0	9.0	1238.0	120.0	2933.0	163.0	7	fan	1
119.186600	8.00909	3.0	80.0	-52.6545	3281530.0	1171.18	29.0	110.0	10.0	1267.0	89.0	5974.0	110.0	7	fan	1
119.287747	8.06593	3.0	80.0	-52.6484	2626700.0	1178.57	35.0	91.0	13.0	1234.0	67.0	10085.0	91.0	7	fan	1
119.388558	8.0	3.0	80.0	-52.6818	3986520.0	1170.0	15.0	132.0	14.0	1230.0	101.0	3305.0	132.0	7	fan	1
119.489542	8.0	3.0	80.0	-52.5528	4794460.0	1170.0	8.0	161.0	15.0	1248.0	121.0	6540.0	161.0	7	fan	1
119.590092	8.04587	3.0	80.0	-52.6239	3242430.0	1175.96	29.0	109.0	10.0	1243.0	84.0	3061.0	109.0	7	fan	1
119.691080	8.11111	3.0	80.0	-52.4762	1890280.0	1184.44	58.0	63.0	7.0	1203.0	52.0	6327.0	63.0	7	fan	1
119.791583	7.23509	3.0	80.0	-51.7263	8385900.0	1019.02	57.0	285.0	12.0	1258.0	51.0	5431.0	72.0	7	fan	1
119.891880	7.1365	3.0	80.0	-51.7107	19720100.0	1001.62	10.0	674.0	18.0	1230.0	71.0	2188.0	122.0	7	fan	1
119.992531	8.00752	3.0	80.0	-52.6165	4053560.0	1170.98	13.0	133.0	12.0	1243.0	105.0	6329.0	133.0	7	fan	1
120.093211	7.28606	3.0	80.0	-51.8341	12136900.0	1030.78	10.0	416.0	16.0	1268.0	98.0	4148.0	144.0	7	fan	1
120.193969	8.07955	3.0	80.0	-52.7045	2649460.0	1180.34	30.0	88.0	11.0	1219.0	64.0	8101.0	88.0	7	fan	1
120.294364	8.00952	3.0	80.0	-52.6095	3124590.0	1171.24	18.0	105.0	9.0	1253.0	82.0	1512.0	105.0	7	fan	1
120.394909	8.01307	3.0	80.0	-52.5359	4523510.0	1171.7	17.0	153.0	22.0	1220.0	112.0	9345.0	153.0	7	fan	1
120.494983	8.0297	3.0	80.0	-52.5248	2994950.0	1173.86	24.0	101.0	7.0	1263.0	84.0	5090.0	101.0	7	fan	1
120.595620	8.0303	3.0	80.0	-52.6768	2961160.0	1173.94	25.0	99.0	6.0	1223.0	79.0	11064.0	99.0	7	fan	1
120.696481	8.0	3.0	80.0	-52.5154	3906630.0	1170.0	4.0	130.0	10.0	1282.0	107.0	10305.0	130.0	7	fan	1
120.796971	8.10448	3.0	80.0	-52.5821	1991750.0	1183.58	39.0	67.0	7.0	1234.0	54.0	3205.0	67.0	7	fan	1
120.897657	8.0303	3.0	80.0	-52.5758	3005320.0	1173.94	9.0	99.0	7.0	1177.0	85.0	6668.0	99.0	7	fan	1
120.998920	8.40625	3.0	80.0	-52.375	950754.0	1222.81	48.0	32.0	5.0	1210.0	25.0	4634.0	32.0	7	fan	1
121.099678	8.06742	3.0	80.0	-52.5955	2634860.0	1178.76	44.0	89.0	14.0	1238.0	65.0	4989.0	89.0	7	fan	1
121.200041	8.1165	3.0	80.0	-52.7282	3062540.0	1185.15	46.0	103.0	6.0	1239.0	83.0	1551.0	103.0	7	fan	1
121.300045	8.0303	3.0	80.0	-52.6566	2934950.0	1173.94	42.0	99.0	10.0	1233.0	78.0	10844.0	99.0	7	fan	1
121.401194	8.02062	3.0	80.0	-52.567	2854630.0	1172.68	20.0	97.0	12.0	1235.0	79.0	695.0	97.0	7	fan	1
121.501293	8.0	3.0	80.0	-52.6772	3829620.0	1170.0	36.0	127.0	14.0	1250.0	96.0	8030.0	127.0	7	fan	1
121.601401	8.00667	3.0	80.0	-52.66	4465860.0	1170.87	15.0	150.0	9.0	1249.0	121.0	4106.0	150.0	7	fan	1
121.702035	8.0381	3.0	80.0	-52.5714	3160900.0	1174.95	18.0	105.0	3.0	1276.0	88.0	4074.0	105.0	7	fan	1
121.802038	8.0087	3.0	80.0	-52.713	3446270.0	1171.13	26.0	115.0	16.0	1199.0	86.0	2599.0	115.0	7	fan	1
121.902834	8.05263	3.0	80.0	-52.6667	1673910.0	1176.84	37.0	57.0	5.0	1223.0	47.0	5371.0	57.0	7	fan	1
122.003965	8.0	3.0	80.0	-52.5207	3546860.0	1170.0	32.0	121.0	20.0	1209.0	87.0	12021.0	121.0	7	fan	1
122.104683	8.0	3.0	80.0	-52.5077	3853000.0	1170.0	18.0	130.0	6.0	1218.0	113.0	8314.0	130.0	7	fan	1
122.205017	8.01087	3.0	80.0	-52.5978	2769180.0	1171.41	22.0	92.0	7.0	1198.0	81.0	4734.0	92.0	7	fan	1
122.305561	8.20896	3.0	80.0	-52.7015	1991760.0	1197.16	56.0	67.0	5.0	1176.0	55.0	6370.0	67.0	7	fan	1
122.405865	8.00781	3.0	80.0	-52.5781	3822740.0	1171.02	11.0	128.0	15.0	1239.0	100.0	4241.0	128.0	7	fan	1
122.506644	8.0	3.0	80.0	-52.6465	2987140.0	1170.0	36.0	99.0	13.0	1180.0	74.0	2656.0	99.0	7	fan	1
122.606885	8.03738	3.0	80.0	-52.6542	3266140.0	1174.86	18.0	107.0	9.0	1230.0	91.0	7496.0	107.0	7	fan	1
122.707294	8.0597	3.0	80.0	-52.7164	2054270.0	1177.76	27.0	67.0	3.0	1175.0	54.0	3613.0	67.0	7	fan	1
122.808092	8.18919	3.0	80.0	-52.8108	1063400.0	1194.59	61.0	37.0	8.0	1247.0	25.0	1794.0	37.0	7	fan	1
122.909686	8.0	3.0	80.0	-52.6667	4357380.0	1170.0	13.0	150.0	15.0	1195.0	119.0	10159.0	150.0	7	fan	1
123.009784	8.0	3.0	80.0	-52.6643	4295200.0	1170.0	11.0	143.0	10.0	1224.0	120.0	8490.0	143.0	7	fan	1
123.109949	8.00758	3.0	80.0	-52.553	3816660.0	1170.98	18.0	132.0	13.0	1171.0	103.0	5696.0	132.0	7	fan	1
123.211041	8.11667	3.0	80.0	-52.5667	1766820.0	1185.17	25.0	60.0	7.0	1140.0	47.0	2235.0	60.0	7	fan	1
123.312449	8.05333	3.0	80.0	-52.7867	2249410.0	1176.93	29.0	75.0	9.0	1234.0	58.0	5547.0	75.0	7	fan	1
123.413113	8.04396	3.0	80.0	-52.7033	2669260.0	1175.71	32.0	91.0	8.0	1207.0	72.0	5339.0	91.0	7	fan	1
123.513810	8.00813	3.0	80.0	-52.5691	3668070.0	1171.06	6.0	123.0	4.0	1228.0	103.0	9215.0	123.0	7	fan	1
123.615054	7.20563	3.0	80.0	-51.6061	13299100.0	1014.96	23.0	462.0	14.0	1239.0	72.0	1308.0	109.0	7	fan	1
123.716293	8.05376	3.0	80.0	-52.6237	2745690.0	1176.99	27.0	93.0	5.0	1209.0	81.0	2438.0	93.0	7	fan	1
123.816584	8.0	3.0	80.0	-52.5	3699880.0	1170.0	11.0	124.0	9.0	1213.0	104.0	4249.0	124.0	7	fan	1
123.917754	8.0	3.0	80.0	-52.5563	4189970.0	1170.0	7.0	142.0	9.0	1202.0	121.0	2854.0	142.0	7	fan	1
124.018750	8.0	3.0	80.0	-52.6783	4271870.0	1170.0	11.0	143.0	12.0	1261.0	117.0	9349.0	143.0	7	fan	1
124.119824	8.0	3.0	80.0	-52.6136	3886980.0	1170.0	11.0	132.0	8.0	1273.0	112.0	6180.0	132.0	7	fan	1
124.220124	8.0	3.0	80.0	-52.6194	4037770.0	1170.0	14.0	134.0	13.0	1237.0	109.0	15575.0	134.0	7	fan	1
124.320751	8.0	3.0	80.0	-52.7273	4904790.0	1170.0	27.0	165.0	24.0	1290.0	116.0	5126.0	165.0	7	fan	1
124.421915	8.0	3.0	80.0	-52.6294	4278800.0	1170.0	14.0	143.0	18.0	1234.0	116.0	6424.0	143.0	7	fan	1
124.522376	7.09863	3.0	80.0	-51.6205	21309800.0	994.233	10.0	730.0	7.0	1249.0	58.0	4631.0	102.0	7	fan	1
124.623115	8.0	3.0	80.0	-52.6429	4205690.0	1170.0	14.0	140.0	10.0	1268.0	114.0	6105.0	140.0	7	fan	1
124.724067	8.0	3.0	80.0	-52.6489	4010460.0	1170.0	19.0	131.0	14.0	1232.0	105.0	3700.0	131.0	7	fan	1
124.825287	8.0	3.0	80.0	-52.5147	4093140.0	1170.0	19.0	136.0	11.0	1275.0	106.0	10130.0	136.0	7	fan	1
124.926249	8.0	3.0	80.0	-52.6972	3274900.0	1170.0	17.0	109.0	5.0	1256.0	95.0	2854.0	109.0	7	fan	1
125.026704	8.0	3.0	80.0	-52.6739	4110890.0	1170.0	15.0	138.0	7.0	1256.0	122.0	9002.0	138.0	7	fan	1
125.127126	8.0	3.0	80.0	-52.6479	4250860.0	1170.0	17.0	142.0	12.0	1262.0	118.0	5399.0	142.0	7	fan	1
125.227351	8.15254	3.0	80.0	-52.5932	1765690.0	1189.83	36.0	59.0	4.0	1265.0	50.0	9163.0	59.0	7	fan	1
125.327798	8.09195	3.0	80.0	-52.6437	2611830.0	1181.95	49.0	87.0	5.0	1263.0	75.0	11688.0	87.0	7	fan	1
125.428214	8.05063	3.0	80.0	-52.6076	2396370.0	1176.58	23.0	79.0	4.0	988.0	71.0	4046.0	79.0	7	fan	1
125.528239	8.02941	3.0	80.0	-52.6765	1958350.0	1173.82	10.0	68.0	3.0	1038.0	57.0	3204.0	68.0	7	fan	1
125.628907	8.07143	3.0	80.0	-52.5536	1651140.0	1179.29	33.0	56.0	3.0	1003.0	46.0	1047.0	56.0	7	fan	1
125.729855	8.03226	3.0	80.0	-52.7097	1801070.0	1174.19	41.0	62.0	6.0	1090.0	49.0	1913.0	62.0	7	fan	1
125.831111	8.0	3.0	80.0	-52.6294	4231710.0	1170.0	9.0	143.0	9.0	1185.0	117.0	5553.0	143.0	7	fan	1
125.931863	8.0	3.0	80.0	-52.6077	3836560.0	1170.0	24.0	130.0	12.0	1281.0	103.0	6951.0	130.0	7	fan	1
126.033038	8.00714	3.0	80.0	-52.6	4186610.0	1170.93	15.0	140.0	15.0	1271.0	109.0	4563.0	140.0	7	fan	1
126.133117	8.0	3.0	80.0	-52.5897	4699270.0	1170.0	8.0	156.0	21.0	1271.0	122.0	8386.0	156.0	7	fan	1
126.233751	8.00962	3.0	80.0	-52.7596	3084710.0	1171.25	12.0	104.0	4.0	1244.0	89.0	5037.0	104.0	7	fan	1
126.334928	8.0	3.0	80.0	-52.6667	3422280.0	1170.0	31.0	117.0	4.0	1267.0	98.0	9104.0	117.0	7	fan	1
126.435790	8.01709	3.0	80.0	-52.641	3567930.0	1172.22	17.0	117.0	11.0	1236.0	90.0	7111.0	117.0	7	fan	1
126.537005	8.0	3.0	80.0	-52.6711	4505880.0	1170.0	14.0	149.0	24.0	1283.0	110.0	4290.0	149.0	7	fan	1
126.637080	8.05682	3.0	80.0	-52.5568	2667290.0	1177.39	32.0	88.0	6.0	1263.0	72.0	6095.0	88.0	7	fan	1
126.738050	8.14085	3.0	80.0	-52.662	2090980.0	1188.31	27.0	71.0	8.0	1248.0	56.0	4988.0	71.0	7	fan	1
126.839059	8.10526	3.0	80.0	-52.7368	1660060.0	1183.68	33.0	57.0	9.0	1287.0	44.0	9298.0	57.0	7	fan	1
126.939424	8.32432	3.0	80.0	-52.6216	1143880.0	1212.16	39.0	37.0	4.0	1233.0	31.0	10095.0	37.0	7	fan	1
127.040523	8.06349	3.0	80.0	-52.6667	1887270.0	1178.25	46.0	63.0	12.0	1287.0	46.0	445.0	63.0	7	fan	1
127.141730	8.19048	3.0	80.0	-51.2381	599898.0	1194.76	22.0	21.0	5.0	686.0	16.0	4461.0	20.0	7	fan	1
127.294622							0.0	0.0	0.0	3.0	0.0	0.0	0.0	7	fan	1
##	324165.0	119110.0	2.72156											7	fan	1
