time	mcs	nss	bw	rssi	throughput_monitor	datarate	pktlost_ack	nbpkt_monitor	retry	nbpkt_ack	pktlost_seq_initial	pktlost_seq_new	bad_fcs	distance	antenna	LoS
8.100558	7.00704	3.0	80.0	-38.2993	8871430.0	976.373	100.0	284.0	18.0	1018.0	3.0	3455.0	0.0	1	vertical3	1
8.200592	7.0	3.0	80.0	-38.4202	35925900.0	975.0	1.0	1147.0	37.0	1135.0	13.0	4139.0	0.0	1	vertical3	1
8.302149	7.0	3.0	80.0	-38.4713	35465300.0	975.0	1.0	1150.0	23.0	1169.0	5.0	25.0	0.0	1	vertical3	1
8.403866	7.0051	3.0	80.0	-38.1735	12081400.0	975.995	156.0	392.0	18.0	1011.0	6.0	4650.0	0.0	1	vertical3	1
8.503875	7.0	3.0	80.0	-38.54	35635800.0	975.0	25.0	1137.0	56.0	1117.0	13.0	136.0	0.0	1	vertical3	1
8.604019	7.0	3.0	80.0	-38.2773	36482700.0	975.0	0.0	1165.0	0.0	1188.0	3.0	6.0	0.0	1	vertical3	1
8.704885	7.0	3.0	80.0	-38.4059	36985800.0	975.0	12.0	1190.0	44.0	1203.0	12.0	4154.0	0.0	1	vertical3	1
8.805277	7.0	3.0	80.0	-38.5463	36423400.0	975.0	1.0	1166.0	66.0	1171.0	11.0	71.0	0.0	1	vertical3	1
8.905291	7.0	3.0	80.0	-38.4461	36341300.0	975.0	2.0	1159.0	13.0	1149.0	7.0	4119.0	0.0	1	vertical3	1
9.007168	7.0	3.0	80.0	-38.5482	35799500.0	975.0	4.0	1162.0	24.0	1179.0	2.0	22.0	0.0	1	vertical3	1
9.107922	7.0	3.0	80.0	-38.4519	37572800.0	975.0	1.0	1206.0	26.0	1211.0	4.0	30.0	0.0	1	vertical3	1
9.208936	7.0	3.0	80.0	-38.3417	36947900.0	975.0	10.0	1191.0	54.0	1182.0	6.0	46.0	0.0	1	vertical3	1
9.309324	7.0	3.0	80.0	-38.5276	36878600.0	975.0	2.0	1179.0	27.0	1185.0	11.0	34.0	0.0	1	vertical3	1
9.409461	7.0	3.0	80.0	-38.4438	35935100.0	975.0	11.0	1147.0	11.0	1160.0	9.0	4119.0	0.0	1	vertical3	1
9.510655	7.00344	3.0	80.0	-38.3986	27084800.0	975.67	51.0	873.0	22.0	1170.0	12.0	4416.0	0.0	1	vertical3	1
9.611869	7.0	3.0	80.0	-38.4443	21157000.0	975.0	62.0	682.0	42.0	1134.0	4.0	82.0	0.0	1	vertical3	1
9.712660	7.00135	3.0	80.0	-38.6316	23057200.0	975.263	78.0	741.0	73.0	984.0	9.0	729.0	0.0	1	vertical3	1
9.813544	7.0	3.0	80.0	-38.4496	38866200.0	975.0	12.0	1250.0	58.0	1198.0	7.0	8198.0	0.0	1	vertical3	1
9.913552	7.0	3.0	80.0	-38.3079	36609700.0	975.0	3.0	1166.0	27.0	1144.0	4.0	6.0	0.0	1	vertical3	1
10.014105	7.0	3.0	80.0	-38.4828	38102500.0	975.0	10.0	1222.0	53.0	1183.0	4.0	14.0	0.0	1	vertical3	1
10.114225	7.0	3.0	80.0	-38.4494	35611700.0	975.0	0.0	1137.0	4.0	1150.0	5.0	34.0	0.0	1	vertical3	1
10.214736	7.0	3.0	80.0	-38.4983	36836400.0	975.0	2.0	1182.0	8.0	1199.0	7.0	4104.0	0.0	1	vertical3	1
10.314997	7.0	3.0	80.0	-38.4886	37113700.0	975.0	3.0	1185.0	14.0	1194.0	14.0	12312.0	0.0	1	vertical3	1
10.415521	7.0	3.0	80.0	-38.6608	37331400.0	975.0	8.0	1197.0	71.0	1152.0	8.0	4122.0	0.0	1	vertical3	1
10.515524	7.0	3.0	80.0	-38.3373	36659400.0	975.0	0.0	1168.0	0.0	1170.0	5.0	11.0	0.0	1	vertical3	1
10.616924	7.00094	3.0	80.0	-38.4449	32833900.0	975.184	36.0	1061.0	29.0	1131.0	13.0	4186.0	0.0	1	vertical3	1
10.717248	7.0	3.0	80.0	-38.4389	31209800.0	975.0	30.0	998.0	43.0	1100.0	7.0	146.0	0.0	1	vertical3	1
10.817328	7.0	3.0	80.0	-38.3804	28409600.0	975.0	39.0	907.0	41.0	1132.0	4.0	283.0	0.0	1	vertical3	1
10.917336	7.00593	3.0	80.0	-38.3498	15890100.0	976.156	48.0	506.0	29.0	1127.0	7.0	651.0	0.0	1	vertical3	1
11.017337	7.0	3.0	80.0	-38.6379	34944400.0	975.0	18.0	1113.0	23.0	1163.0	9.0	4156.0	0.0	1	vertical3	1
11.117387	7.0	3.0	80.0	-38.4895	37176600.0	975.0	14.0	1185.0	23.0	1222.0	10.0	4127.0	0.0	1	vertical3	1
11.218151	7.0	3.0	80.0	-38.5298	34946300.0	975.0	22.0	1123.0	62.0	1133.0	6.0	97.0	0.0	1	vertical3	1
11.318155	7.0	3.0	80.0	-38.5475	37020600.0	975.0	1.0	1180.0	22.0	1171.0	12.0	8223.0	0.0	1	vertical3	1
11.419431	7.00264	3.0	80.0	-38.4782	23428800.0	975.515	32.0	757.0	17.0	1109.0	6.0	352.0	0.0	1	vertical3	1
11.520108	7.0	3.0	80.0	-38.4609	36227200.0	975.0	0.0	1163.0	3.0	1174.0	10.0	14.0	0.0	1	vertical3	1
11.622149	7.0	3.0	80.0	-38.4395	37068800.0	975.0	2.0	1206.0	36.0	1195.0	8.0	25.0	0.0	1	vertical3	1
11.722859	7.00338	3.0	80.0	-38.5862	27622100.0	975.66	19.0	887.0	40.0	1161.0	8.0	4405.0	0.0	1	vertical3	1
11.824979	7.00124	3.0	80.0	-38.6022	24775900.0	975.242	67.0	807.0	51.0	1120.0	12.0	370.0	0.0	1	vertical3	1
11.925381	7.00302	3.0	80.0	-38.5438	20701500.0	975.589	94.0	662.0	54.0	1122.0	15.0	4610.0	0.0	1	vertical3	1
12.025813	7.0	3.0	80.0	-38.5486	26978000.0	975.0	30.0	864.0	71.0	1179.0	14.0	8463.0	0.0	1	vertical3	1
12.126543	7.0	3.0	80.0	-38.4465	23555800.0	975.0	67.0	757.0	46.0	1127.0	6.0	532.0	0.0	1	vertical3	1
12.227642	7.0	3.0	80.0	-38.5927	35811200.0	975.0	13.0	1154.0	57.0	1148.0	9.0	4147.0	0.0	1	vertical3	1
12.327642	7.0	3.0	80.0	-38.4286	36250800.0	975.0	0.0	1155.0	3.0	1172.0	16.0	4115.0	0.0	1	vertical3	1
12.428852	7.0	3.0	80.0	-38.4483	35413400.0	975.0	0.0	1142.0	82.0	1154.0	21.0	95.0	0.0	1	vertical3	1
12.528955	7.0	3.0	80.0	-38.5567	34892500.0	975.0	12.0	1112.0	30.0	1167.0	9.0	19.0	0.0	1	vertical3	1
12.628961	7.00183	3.0	80.0	-38.4055	17086400.0	975.358	63.0	545.0	41.0	1060.0	9.0	630.0	0.0	1	vertical3	1
12.730537	7.0	3.0	80.0	-38.4448	32730300.0	975.0	17.0	1059.0	22.0	1159.0	7.0	33.0	0.0	1	vertical3	1
12.831734	7.0	3.0	80.0	-38.5495	31002000.0	975.0	17.0	999.0	20.0	1145.0	9.0	4345.0	0.0	1	vertical3	1
12.934234	7.0	3.0	80.0	-38.5056	16394600.0	975.0	58.0	536.0	21.0	1129.0	2.0	2.0	0.0	1	vertical3	1
13.034696	7.00261	3.0	80.0	-38.3681	23900500.0	975.509	36.0	766.0	20.0	1123.0	13.0	989.0	0.0	1	vertical3	1
13.134707	7.0	3.0	80.0	-38.5294	31023800.0	975.0	36.0	988.0	28.0	1178.0	12.0	4314.0	0.0	1	vertical3	1
13.236279	7.0	3.0	80.0	-38.5989	34173100.0	975.0	1.0	1107.0	39.0	1143.0	22.0	12364.0	0.0	1	vertical3	1
13.336357	7.0	3.0	80.0	-38.6641	36648700.0	975.0	1.0	1170.0	1.0	1182.0	13.0	13.0	0.0	1	vertical3	1
13.437742	7.0	3.0	80.0	-38.6148	36377200.0	975.0	17.0	1176.0	59.0	1216.0	11.0	99.0	0.0	1	vertical3	1
13.537843	7.0	3.0	80.0	-38.6447	38572300.0	975.0	14.0	1230.0	39.0	1217.0	7.0	27.0	0.0	1	vertical3	1
13.638092	7.0	3.0	80.0	-38.3864	36349700.0	975.0	11.0	1162.0	36.0	1184.0	13.0	4155.0	0.0	1	vertical3	1
13.738099	7.0	3.0	80.0	-38.4152	36784000.0	975.0	0.0	1173.0	25.0	1182.0	14.0	37.0	0.0	1	vertical3	1
13.838113	7.0	3.0	80.0	-38.3602	36577000.0	975.0	13.0	1166.0	40.0	1193.0	20.0	8256.0	0.0	1	vertical3	1
13.939532	7.0	3.0	80.0	-38.5577	31308100.0	975.0	5.0	1013.0	32.0	1086.0	9.0	106.0	0.0	1	vertical3	1
14.040667	7.0	3.0	80.0	-38.4643	32967200.0	975.0	11.0	1064.0	28.0	1154.0	5.0	118.0	0.0	1	vertical3	1
14.141971	7.0	3.0	80.0	-38.5854	33548100.0	975.0	12.0	1083.0	48.0	1127.0	15.0	4188.0	0.0	1	vertical3	1
14.242425	7.00086	3.0	80.0	-38.6838	36494100.0	975.167	19.0	1167.0	42.0	1176.0	9.0	4148.0	0.0	1	vertical3	1
14.344507	7.0	3.0	80.0	-38.7278	36005700.0	975.0	5.0	1172.0	13.0	1195.0	8.0	36.0	0.0	1	vertical3	1
14.445572	7.0	3.0	80.0	-38.5472	36181300.0	975.0	9.0	1166.0	13.0	1169.0	13.0	4112.0	0.0	1	vertical3	1
14.546162	7.0	3.0	80.0	-38.4155	36696300.0	975.0	12.0	1177.0	25.0	1159.0	6.0	4103.0	0.0	1	vertical3	1
14.646723	7.0	3.0	80.0	-38.5511	36957100.0	975.0	4.0	1185.0	3.0	1191.0	5.0	10.0	0.0	1	vertical3	1
14.746943	7.00117	3.0	80.0	-38.6154	26862300.0	975.227	47.0	858.0	55.0	1131.0	6.0	328.0	0.0	1	vertical3	1
14.847717	7.0	3.0	80.0	-38.6055	36441600.0	975.0	1.0	1171.0	29.0	1174.0	5.0	32.0	0.0	1	vertical3	1
14.947811	7.0	3.0	80.0	-38.4645	36170400.0	975.0	1.0	1154.0	8.0	1149.0	6.0	21.0	0.0	1	vertical3	1
15.048224	7.0	3.0	80.0	-38.6411	36227800.0	975.0	2.0	1159.0	2.0	1197.0	5.0	4119.0	0.0	1	vertical3	1
15.148455	7.0	3.0	80.0	-38.6338	32431000.0	975.0	24.0	1035.0	25.0	1121.0	9.0	111.0	0.0	1	vertical3	1
15.249798	7.0	3.0	80.0	-38.6018	36905100.0	975.0	0.0	1193.0	43.0	1176.0	8.0	4122.0	0.0	1	vertical3	1
15.350247	7.0	3.0	80.0	-38.633	36497500.0	975.0	1.0	1169.0	4.0	1179.0	8.0	15.0	0.0	1	vertical3	1
15.450582	7.0	3.0	80.0	-38.5668	34625600.0	975.0	2.0	1108.0	34.0	1120.0	9.0	46.0	0.0	1	vertical3	1
15.550589	7.0	3.0	80.0	-38.6604	36737400.0	975.0	1.0	1172.0	11.0	1184.0	14.0	4120.0	0.0	1	vertical3	1
15.650844	7.0	3.0	80.0	-38.5853	30650300.0	975.0	23.0	979.0	42.0	1187.0	6.0	250.0	0.0	1	vertical3	1
15.752633	7.0	3.0	80.0	-38.4488	37639000.0	975.0	3.0	1221.0	16.0	1226.0	8.0	21.0	0.0	1	vertical3	1
15.852637	7.0	3.0	80.0	-38.7068	37225900.0	975.0	1.0	1187.0	22.0	1192.0	7.0	31.0	0.0	1	vertical3	1
15.952654	7.0	3.0	80.0	-38.6327	32627100.0	975.0	22.0	1040.0	24.0	1155.0	8.0	4232.0	0.0	1	vertical3	1
16.052655	7.0	3.0	80.0	-38.5742	34427100.0	975.0	33.0	1099.0	34.0	1153.0	8.0	97.0	0.0	1	vertical3	1
16.152660	7.0	3.0	80.0	-38.7899	34771400.0	975.0	7.0	1109.0	24.0	1143.0	11.0	4163.0	0.0	1	vertical3	1
16.254365	7.0	3.0	80.0	-38.4987	35071800.0	975.0	0.0	1137.0	43.0	1136.0	4.0	24.0	0.0	1	vertical3	1
16.354375	7.01959	3.0	78.8246	-38.4207	33666700.0	960.993	9.0	1072.0	68.0	1149.0	8.0	4243.0	0.0	1	vertical3	1
16.455075	7.0	3.0	80.0	-38.6644	36734200.0	975.0	1.0	1180.0	1.0	1194.0	16.0	4110.0	0.0	1	vertical3	1
16.555083	7.0	3.0	80.0	-38.5313	33039800.0	975.0	14.0	1054.0	62.0	1178.0	17.0	199.0	0.0	1	vertical3	1
16.655959	7.0	3.0	80.0	-38.6448	18046100.0	975.0	75.0	580.0	47.0	1119.0	6.0	529.0	0.0	1	vertical3	1
16.757602	7.0013	3.0	80.0	-38.6858	23684300.0	975.254	56.0	767.0	37.0	1060.0	6.0	375.0	0.0	1	vertical3	1
16.858637	7.0	3.0	80.0	-38.6277	34977900.0	975.0	0.0	1128.0	12.0	1131.0	9.0	15.0	0.0	1	vertical3	1
16.958643	7.0	3.0	80.0	-38.4789	39301800.0	975.0	4.0	1253.0	57.0	1237.0	15.0	44.0	0.0	1	vertical3	1
17.060073	7.00102	3.0	80.0	-38.502	30450500.0	975.198	22.0	984.0	42.0	1134.0	7.0	4286.0	0.0	1	vertical3	1
17.161466	7.0011	3.0	80.0	-38.521	28055900.0	975.215	46.0	906.0	20.0	1191.0	12.0	4400.0	0.0	1	vertical3	1
17.261896	7.0	3.0	80.0	-38.5094	36457600.0	975.0	3.0	1168.0	38.0	1222.0	10.0	4142.0	0.0	1	vertical3	1
17.362636	7.00129	3.0	80.0	-38.5438	24192200.0	975.251	61.0	776.0	39.0	1109.0	8.0	4515.0	0.0	1	vertical3	1
17.463067	7.0	3.0	80.0	-38.6187	37334300.0	975.0	17.0	1196.0	50.0	1161.0	6.0	4130.0	0.0	1	vertical3	1
17.563071	7.0	3.0	80.0	-38.4532	37524200.0	975.0	2.0	1196.0	2.0	1207.0	7.0	13.0	0.0	1	vertical3	1
17.663213	7.0	3.0	80.0	-38.3945	35209800.0	975.0	9.0	1123.0	12.0	1183.0	7.0	54.0	0.0	1	vertical3	1
17.763790	7.0	3.0	80.0	-38.5901	37889700.0	975.0	0.0	1215.0	21.0	1205.0	16.0	8204.0	0.0	1	vertical3	1
17.865414	7.0	3.0	80.0	-38.718	17649600.0	975.0	85.0	571.0	34.0	1146.0	4.0	314.0	0.0	1	vertical3	1
17.965455	7.0	3.0	80.0	-38.5217	34727000.0	975.0	12.0	1108.0	37.0	1128.0	9.0	369.0	0.0	1	vertical3	1
18.066082	7.00217	3.0	80.0	-38.6508	14369800.0	975.423	101.0	461.0	25.0	1043.0	6.0	590.0	0.0	1	vertical3	1
18.167304	7.0	3.0	80.0	-38.613	36187100.0	975.0	4.0	1168.0	4.0	1191.0	17.0	28.0	0.0	1	vertical3	1
18.268313	7.0	3.0	80.0	-38.5987	37417300.0	975.0	7.0	1206.0	8.0	1203.0	2.0	5.0	0.0	1	vertical3	1
18.369404	7.0	3.0	80.0	-38.6523	36093000.0	975.0	2.0	1162.0	26.0	1171.0	11.0	4131.0	0.0	1	vertical3	1
18.469459	7.0	3.0	80.0	-38.5715	37883300.0	975.0	0.0	1209.0	0.0	1199.0	7.0	4104.0	0.0	1	vertical3	1
18.570353	7.0	3.0	80.0	-38.7626	33388700.0	975.0	34.0	1074.0	52.0	1103.0	8.0	64.0	0.0	1	vertical3	1
18.671066	7.0	3.0	80.0	-38.5767	34307400.0	975.0	1.0	1101.0	50.0	1104.0	13.0	8245.0	0.0	1	vertical3	1
18.772955	7.0	3.0	80.0	-38.5692	38220800.0	975.0	25.0	1242.0	80.0	1218.0	10.0	4152.0	0.0	1	vertical3	1
18.873244	7.0	3.0	80.0	-38.7856	32114800.0	975.0	23.0	1026.0	57.0	1101.0	12.0	8343.0	0.0	1	vertical3	1
18.973596	7.00602	3.0	80.0	-38.7289	20758700.0	976.175	34.0	664.0	44.0	1154.0	8.0	516.0	0.0	1	vertical3	1
19.074907	7.0	3.0	80.0	-38.517	31791800.0	975.0	15.0	1027.0	18.0	1131.0	10.0	4150.0	0.0	1	vertical3	1
19.175582	7.00119	3.0	80.0	-38.7182	26178800.0	975.232	62.0	841.0	51.0	1104.0	9.0	4478.0	0.0	1	vertical3	1
19.276342	7.0	3.0	80.0	-38.7188	32667900.0	975.0	18.0	1049.0	47.0	1133.0	6.0	132.0	0.0	1	vertical3	1
19.377091	7.0	3.0	80.0	-38.5399	35529300.0	975.0	1.0	1141.0	75.0	1142.0	6.0	76.0	0.0	1	vertical3	1
19.477784	7.0	3.0	80.0	-38.5914	36157800.0	975.0	16.0	1160.0	42.0	1152.0	7.0	34.0	0.0	1	vertical3	1
19.580250	7.0	3.0	80.0	-38.4893	37268600.0	975.0	0.0	1218.0	42.0	1223.0	7.0	4144.0	0.0	1	vertical3	1
19.680251	7.0	3.0	80.0	-38.4808	35874400.0	975.0	18.0	1144.0	18.0	1171.0	10.0	4153.0	0.0	1	vertical3	1
19.780520	7.0	3.0	80.0	-38.5706	36373800.0	975.0	31.0	1162.0	47.0	1176.0	9.0	49.0	0.0	1	vertical3	1
19.881665	7.0	3.0	80.0	-38.5016	18931800.0	975.0	77.0	610.0	39.0	1018.0	8.0	4543.0	0.0	1	vertical3	1
19.982431	7.0	3.0	80.0	-38.5854	34571900.0	975.0	0.0	1112.0	0.0	1150.0	7.0	4135.0	0.0	1	vertical3	1
20.083475	7.0	3.0	80.0	-38.6131	28807400.0	975.0	44.0	928.0	4.0	1223.0	15.0	20.0	0.0	1	vertical3	1
20.185044	7.00098	3.0	80.0	-38.5975	31524800.0	975.191	27.0	1021.0	10.0	1148.0	6.0	4512.0	0.0	1	vertical3	1
20.285591	7.0	3.0	80.0	-38.6594	34333600.0	975.0	20.0	1101.0	33.0	1148.0	12.0	81.0	0.0	1	vertical3	1
20.385597	7.0	3.0	80.0	-38.6271	18769400.0	975.0	71.0	598.0	13.0	1150.0	7.0	566.0	0.0	1	vertical3	1
20.485983	7.0	3.0	80.0	-38.5355	35203100.0	975.0	3.0	1126.0	10.0	1125.0	3.0	7.0	0.0	1	vertical3	1
20.585990	7.0	3.0	80.0	-38.5251	39332200.0	975.0	1.0	1253.0	20.0	1245.0	7.0	30.0	0.0	1	vertical3	1
20.686043	7.0	3.0	80.0	-38.633	35193000.0	975.0	19.0	1120.0	83.0	1128.0	8.0	75.0	0.0	1	vertical3	1
20.787364	7.0	3.0	80.0	-38.4144	34380500.0	975.0	14.0	1110.0	60.0	1149.0	8.0	116.0	0.0	1	vertical3	1
20.887642	7.0	3.0	80.0	-38.4441	35273400.0	975.0	14.0	1128.0	45.0	1194.0	5.0	94.0	0.0	1	vertical3	1
20.987980	7.0	3.0	80.0	-38.6936	35910100.0	975.0	1.0	1149.0	6.0	1168.0	19.0	4122.0	0.0	1	vertical3	1
21.088727	7.0	3.0	80.0	-38.5979	36358500.0	975.0	0.0	1169.0	42.0	1175.0	10.0	4144.0	0.0	1	vertical3	1
21.188950	7.0	3.0	80.0	-38.6575	36499200.0	975.0	11.0	1165.0	26.0	1177.0	14.0	38.0	0.0	1	vertical3	1
21.290234	7.0	3.0	80.0	-38.5931	36910700.0	975.0	0.0	1192.0	51.0	1195.0	4.0	54.0	0.0	1	vertical3	1
21.391602	7.0	3.0	80.0	-38.6816	25564300.0	975.0	45.0	826.0	62.0	1064.0	7.0	301.0	0.0	1	vertical3	1
21.492308	7.0	3.0	80.0	-38.5584	37933400.0	975.0	5.0	1216.0	47.0	1196.0	4.0	27.0	0.0	1	vertical3	1
21.592309	7.0	3.0	80.0	-38.6544	37448300.0	975.0	0.0	1195.0	0.0	1190.0	10.0	13.0	0.0	1	vertical3	1
21.692799	7.0	3.0	80.0	-38.4868	20057900.0	975.0	46.0	643.0	54.0	1083.0	7.0	477.0	0.0	1	vertical3	1
21.793586	7.0	3.0	80.0	-38.6684	36859400.0	975.0	0.0	1185.0	2.0	1200.0	13.0	8209.0	0.0	1	vertical3	1
21.895578	7.00108	3.0	80.0	-38.7743	28478100.0	975.211	33.0	926.0	25.0	1165.0	5.0	125.0	0.0	1	vertical3	1
21.995958	7.0	3.0	80.0	-38.6436	33826500.0	975.0	17.0	1083.0	41.0	1115.0	9.0	212.0	0.0	1	vertical3	1
22.097054	7.0	3.0	80.0	-38.6391	35717900.0	975.0	0.0	1150.0	63.0	1172.0	14.0	86.0	0.0	1	vertical3	1
22.197290	7.0	3.0	80.0	-38.6332	36557500.0	975.0	18.0	1167.0	28.0	1163.0	18.0	4124.0	0.0	1	vertical3	1
22.299722	7.0	3.0	80.0	-38.7087	34700100.0	975.0	4.0	1133.0	56.0	1165.0	14.0	84.0	0.0	1	vertical3	1
22.401958	7.00116	3.0	80.0	-38.4163	26393500.0	975.227	38.0	860.0	63.0	1106.0	9.0	309.0	0.0	1	vertical3	1
22.503419	7.0	3.0	80.0	-38.4819	30751200.0	975.0	37.0	994.0	18.0	1177.0	10.0	4152.0	0.0	1	vertical3	1
22.604427	8.0	3.0	80.0	-40.1667	187353.0	1170.0	87.0	6.0	0.0	1095.0	6.0	9173.0	0.0	1	vertical3	1
22.707546	7.0	3.0	80.0	-38.908	28806800.0	975.0	65.0	946.0	62.0	1107.0	5.0	477.0	0.0	1	vertical3	1
22.807923	7.0	3.0	80.0	-38.6127	31913800.0	975.0	23.0	1020.0	20.0	1149.0	12.0	4246.0	0.0	1	vertical3	1
22.908475	7.0	3.0	80.0	-38.5105	35677000.0	975.0	1.0	1144.0	47.0	1126.0	7.0	4125.0	0.0	1	vertical3	1
23.010061	7.0	3.0	80.0	-38.7057	29785200.0	975.0	10.0	965.0	1.0	1260.0	6.0	6.0	0.0	1	vertical3	1
23.111062	7.00589	3.0	80.0	-38.5305	15842400.0	976.022	82.0	509.0	36.0	1018.0	5.0	4926.0	0.0	1	vertical3	1
23.211737	7.0	3.0	80.0	-38.7616	26897400.0	975.0	25.0	864.0	10.0	1220.0	12.0	4174.0	0.0	1	vertical3	1
23.311828	7.00304	3.0	80.0	-38.8267	20639900.0	975.593	64.0	658.0	35.0	1085.0	8.0	771.0	0.0	1	vertical3	1
23.412585	7.00094	3.0	80.0	-38.4845	33215600.0	975.183	16.0	1067.0	31.0	1210.0	14.0	159.0	0.0	1	vertical3	1
23.513268	7.0	3.0	80.0	-38.544	38209100.0	975.0	3.0	1226.0	36.0	1222.0	3.0	33.0	0.0	1	vertical3	1
23.613843	7.0	3.0	80.0	-38.6424	35481500.0	975.0	1.0	1138.0	12.0	1153.0	9.0	27.0	0.0	1	vertical3	1
23.716120	7.0	3.0	80.0	-38.5735	35705400.0	975.0	6.0	1163.0	21.0	1234.0	17.0	8284.0	0.0	1	vertical3	1
23.818866	7.0	3.0	80.0	-38.4151	37197600.0	975.0	2.0	1219.0	65.0	1224.0	7.0	70.0	0.0	1	vertical3	1
23.919006	7.0	3.0	80.0	-38.5119	36845200.0	975.0	4.0	1176.0	25.0	1189.0	14.0	4135.0	0.0	1	vertical3	1
24.019050	7.0	3.0	80.0	-38.6768	37227200.0	975.0	1.0	1188.0	21.0	1182.0	9.0	32.0	0.0	1	vertical3	1
24.119693	7.0	3.0	80.0	-38.5447	34832500.0	975.0	3.0	1118.0	3.0	1146.0	7.0	14.0	0.0	1	vertical3	1
24.220986	7.0	3.0	80.0	-38.6136	37342500.0	975.0	6.0	1206.0	69.0	1182.0	3.0	46.0	0.0	1	vertical3	1
24.321806	7.0	3.0	80.0	-38.5688	36831700.0	975.0	15.0	1185.0	30.0	1175.0	9.0	4116.0	0.0	1	vertical3	1
24.422336	7.0	3.0	80.0	-38.6898	37719900.0	975.0	1.0	1209.0	23.0	1219.0	7.0	33.0	0.0	1	vertical3	1
24.522927	7.0	3.0	80.0	-38.7041	38354000.0	975.0	0.0	1230.0	4.0	1233.0	5.0	8.0	0.0	1	vertical3	1
24.623351	7.0	3.0	80.0	-38.6776	37116700.0	975.0	12.0	1188.0	6.0	1219.0	1.0	37.0	0.0	1	vertical3	1
24.723351	7.0	3.0	80.0	-38.8232	27880400.0	975.0	62.0	888.0	35.0	1105.0	9.0	8459.0	0.0	1	vertical3	1
24.823645	7.0	3.0	80.0	-38.7406	32332900.0	975.0	24.0	1033.0	45.0	1150.0	4.0	147.0	0.0	1	vertical3	1
24.924773	7.0	3.0	80.0	-38.6213	34618700.0	975.0	14.0	1117.0	17.0	1154.0	9.0	55.0	0.0	1	vertical3	1
25.024900	7.0	3.0	80.0	-38.6775	36645500.0	975.0	1.0	1169.0	44.0	1176.0	11.0	51.0	0.0	1	vertical3	1
25.126406	7.0	3.0	80.0	-38.7257	34024300.0	975.0	5.0	1101.0	32.0	1190.0	3.0	121.0	0.0	1	vertical3	1
25.226975	7.0	3.0	80.0	-38.6535	38721600.0	975.0	0.0	1241.0	24.0	1225.0	6.0	9.0	0.0	1	vertical3	1
25.328542	7.0	3.0	80.0	-38.7732	37288300.0	975.0	0.0	1208.0	21.0	1236.0	8.0	48.0	0.0	1	vertical3	1
25.429086	7.0	3.0	80.0	-38.688	36524200.0	975.0	5.0	1170.0	58.0	1179.0	12.0	68.0	0.0	1	vertical3	1
25.529415	7.0	3.0	80.0	-38.6163	36838000.0	975.0	0.0	1178.0	75.0	1187.0	15.0	4180.0	0.0	1	vertical3	1
25.630329	7.0	3.0	80.0	-38.7607	34131300.0	975.0	14.0	1099.0	16.0	1196.0	8.0	114.0	0.0	1	vertical3	1
25.730338	7.0	3.0	80.0	-38.5442	36577700.0	975.0	5.0	1165.0	128.0	1153.0	17.0	8326.0	0.0	1	vertical3	1
25.830982	7.0	3.0	80.0	-38.6378	35942200.0	975.0	0.0	1154.0	22.0	1198.0	12.0	48.0	0.0	1	vertical3	1
25.931523	7.0	3.0	80.0	-38.5905	34961500.0	975.0	2.0	1121.0	44.0	1130.0	13.0	4150.0	0.0	1	vertical3	1
26.033693	7.0	3.0	80.0	-38.5221	37545800.0	975.0	6.0	1224.0	17.0	1223.0	3.0	16.0	0.0	1	vertical3	1
26.134194	7.0	3.0	80.0	-38.665	36946500.0	975.0	15.0	1182.0	64.0	1172.0	10.0	53.0	0.0	1	vertical3	1
26.234690	7.0	3.0	80.0	-38.5304	37027500.0	975.0	0.0	1186.0	21.0	1196.0	9.0	32.0	0.0	1	vertical3	1
26.336014	7.0	3.0	80.0	-38.6443	35963900.0	975.0	2.0	1161.0	23.0	1142.0	2.0	5.0	0.0	1	vertical3	1
26.436425	7.0	3.0	80.0	-38.6022	34192900.0	975.0	1.0	1096.0	0.0	1225.0	6.0	9.0	0.0	1	vertical3	1
26.536441	7.0	3.0	80.0	-38.4947	26538600.0	975.0	37.0	845.0	46.0	1098.0	6.0	436.0	0.0	1	vertical3	1
26.636446	7.0	3.0	80.0	-38.5748	30806900.0	975.0	54.0	983.0	16.0	1091.0	6.0	126.0	0.0	1	vertical3	1
26.737130	7.0	3.0	80.0	-38.5637	36254300.0	975.0	3.0	1162.0	3.0	1187.0	8.0	10.0	0.0	1	vertical3	1
26.838489	7.0	3.0	80.0	-38.6549	36945900.0	975.0	4.0	1194.0	15.0	1202.0	10.0	23.0	0.0	1	vertical3	1
26.938987	7.0	3.0	80.0	-38.5513	38341600.0	975.0	3.0	1228.0	24.0	1243.0	10.0	39.0	0.0	1	vertical3	1
27.039506	7.0	3.0	80.0	-38.704	36471800.0	975.0	0.0	1169.0	4.0	1188.0	12.0	8216.0	0.0	1	vertical3	1
27.139911	7.0	3.0	80.0	-38.5508	30448500.0	975.0	22.0	975.0	1.0	1182.0	2.0	2.0	0.0	1	vertical3	1
27.241621	7.0	3.0	80.0	-38.66	30891900.0	975.0	42.0	1000.0	44.0	1128.0	17.0	4473.0	0.0	1	vertical3	1
27.342385	7.0	3.0	80.0	-38.6462	38959800.0	975.0	0.0	1252.0	65.0	1214.0	8.0	4125.0	0.0	1	vertical3	1
27.443622	7.00179	3.0	80.0	-38.624	34581100.0	975.349	38.0	1117.0	43.0	1230.0	11.0	4189.0	0.0	1	vertical3	1
27.544093	7.00251	3.0	80.0	-38.7864	12434500.0	975.49	119.0	398.0	41.0	1052.0	3.0	758.0	0.0	1	vertical3	1
27.644730	7.0	3.0	80.0	-38.4968	33989900.0	975.0	4.0	1091.0	32.0	1170.0	8.0	128.0	0.0	1	vertical3	1
27.744994	7.0	3.0	80.0	-38.8052	36941300.0	975.0	8.0	1181.0	10.0	1221.0	8.0	34.0	0.0	1	vertical3	1
27.845610	7.0	3.0	80.0	-38.5443	37281200.0	975.0	2.0	1196.0	23.0	1199.0	1.0	21.0	0.0	1	vertical3	1
27.945610	7.0	3.0	80.0	-38.7129	35276400.0	975.0	10.0	1125.0	25.0	1146.0	10.0	50.0	0.0	1	vertical3	1
28.046874	7.0	3.0	80.0	-38.5604	35644300.0	975.0	3.0	1151.0	13.0	1151.0	5.0	15.0	0.0	1	vertical3	1
28.147936	7.0	3.0	80.0	-38.6327	34142900.0	975.0	20.0	1100.0	21.0	1154.0	8.0	75.0	0.0	1	vertical3	1
28.249342	7.0	3.0	80.0	-38.5482	35268200.0	975.0	19.0	1140.0	43.0	1190.0	7.0	53.0	0.0	1	vertical3	1
28.350537	7.0	3.0	80.0	-38.6404	34222400.0	975.0	29.0	1104.0	26.0	1130.0	11.0	92.0	0.0	1	vertical3	1
28.450843	7.01678	3.0	78.9929	-38.6564	35358100.0	962.999	2.0	1132.0	9.0	1153.0	11.0	4127.0	0.0	1	vertical3	1
28.550866	7.0	3.0	80.0	-38.5113	37360100.0	975.0	1.0	1191.0	1.0	1199.0	6.0	9.0	0.0	1	vertical3	1
28.651419	7.0	3.0	80.0	-38.7547	23033300.0	975.0	66.0	738.0	50.0	1063.0	6.0	49.0	0.0	1	vertical3	1
28.751423	7.0	3.0	80.0	-38.6268	26232900.0	975.0	59.0	836.0	40.0	1122.0	12.0	661.0	0.0	1	vertical3	1
28.852093	7.0	3.0	80.0	-38.6793	32853300.0	975.0	41.0	1054.0	25.0	1196.0	5.0	137.0	0.0	1	vertical3	1
28.954297	7.0	3.0	80.0	-38.6176	36255600.0	975.0	0.0	1182.0	0.0	1197.0	11.0	37.0	0.0	1	vertical3	1
29.054800	7.00092	3.0	80.0	-38.4286	33862800.0	975.18	13.0	1085.0	20.0	1217.0	9.0	4265.0	0.0	1	vertical3	1
29.156664	7.00096	3.0	80.0	-38.5913	32020400.0	975.188	32.0	1040.0	46.0	1215.0	12.0	204.0	0.0	1	vertical3	1
29.256668	7.0	3.0	80.0	-38.6587	35604700.0	975.0	19.0	1134.0	38.0	1135.0	6.0	47.0	0.0	1	vertical3	1
29.356763	7.0	3.0	80.0	-38.6996	35762100.0	975.0	1.0	1142.0	23.0	1151.0	2.0	22.0	0.0	1	vertical3	1
29.457174	7.0	3.0	80.0	-38.7079	37341100.0	975.0	0.0	1195.0	43.0	1175.0	4.0	27.0	0.0	1	vertical3	1
29.557760	7.0	3.0	80.0	-38.6812	37291100.0	975.0	0.0	1195.0	11.0	1189.0	5.0	21.0	0.0	1	vertical3	1
29.658344	7.00427	3.0	80.0	-38.7436	21915300.0	975.833	60.0	702.0	3.0	1136.0	7.0	4504.0	0.0	1	vertical3	1
29.758734	7.00105	3.0	80.0	-38.6179	29700300.0	975.205	40.0	950.0	15.0	1183.0	9.0	4357.0	0.0	1	vertical3	1
29.859601	7.0	3.0	80.0	-38.5097	28843100.0	975.0	24.0	928.0	65.0	1111.0	9.0	4345.0	0.0	1	vertical3	1
29.960674	7.0	3.0	80.0	-38.742	37656900.0	975.0	1.0	1213.0	22.0	1220.0	10.0	4125.0	0.0	1	vertical3	1
30.061953	7.0	3.0	80.0	-38.6839	35901600.0	975.0	0.0	1158.0	2.0	1168.0	6.0	12.0	0.0	1	vertical3	1
30.162918	7.0	3.0	80.0	-38.6395	36576900.0	975.0	0.0	1179.0	20.0	1182.0	6.0	24.0	0.0	1	vertical3	1
30.263073	7.0	3.0	80.0	-38.6777	33902500.0	975.0	0.0	1083.0	27.0	1126.0	9.0	4166.0	0.0	1	vertical3	1
30.365769	7.0	3.0	80.0	-38.7472	35559600.0	975.0	1.0	1163.0	1.0	1174.0	8.0	4108.0	0.0	1	vertical3	1
30.466128	7.0	3.0	80.0	-38.5862	37156700.0	975.0	0.0	1189.0	46.0	1198.0	9.0	55.0	0.0	1	vertical3	1
30.566172	7.01235	3.0	80.0	-38.2494	12692200.0	977.407	76.0	405.0	0.0	1100.0	6.0	699.0	0.0	1	vertical3	1
30.667734	7.00167	3.0	80.0	-38.6778	18513100.0	975.326	80.0	599.0	38.0	1100.0	5.0	4544.0	0.0	1	vertical3	1
30.767735	7.0011	3.0	80.0	-38.6338	28650800.0	975.214	24.0	912.0	42.0	1092.0	8.0	4421.0	0.0	1	vertical3	1
30.868456	7.0	3.0	80.0	-38.4685	37599900.0	975.0	1.0	1206.0	42.0	1209.0	6.0	30.0	0.0	1	vertical3	1
30.968749	7.0	3.0	80.0	-38.763	35990100.0	975.0	0.0	1152.0	22.0	1155.0	3.0	23.0	0.0	1	vertical3	1
31.068754	7.0	3.0	80.0	-38.6421	39506800.0	975.0	7.0	1260.0	8.0	1270.0	10.0	27.0	0.0	1	vertical3	1
31.168952	7.0	3.0	80.0	-38.7809	36997100.0	975.0	1.0	1182.0	4.0	1195.0	6.0	4107.0	0.0	1	vertical3	1
31.269283	7.0	3.0	80.0	-38.6776	36148300.0	975.0	1.0	1157.0	22.0	1169.0	11.0	35.0	0.0	1	vertical3	1
31.370391	7.0	3.0	80.0	-38.6256	36041100.0	975.0	1.0	1162.0	8.0	1174.0	11.0	20.0	0.0	1	vertical3	1
31.471697	7.0	3.0	80.0	-38.7998	37446100.0	975.0	13.0	1209.0	38.0	1199.0	9.0	28.0	0.0	1	vertical3	1
31.572604	7.00093	3.0	80.0	-38.8009	33305300.0	975.182	46.0	1070.0	45.0	1150.0	10.0	126.0	0.0	1	vertical3	1
31.673642	7.00096	3.0	80.0	-38.6654	32406100.0	975.187	14.0	1043.0	17.0	1174.0	5.0	72.0	0.0	1	vertical3	1
31.774102	7.00121	3.0	80.0	-38.5461	25732700.0	975.237	62.0	824.0	43.0	1102.0	5.0	397.0	0.0	1	vertical3	1
31.874262	7.0	3.0	80.0	-38.6869	37702000.0	975.0	1.0	1204.0	3.0	1201.0	8.0	17.0	0.0	1	vertical3	1
31.974502	7.0	3.0	80.0	-38.8995	25224300.0	975.0	96.0	806.0	49.0	1105.0	11.0	332.0	0.0	1	vertical3	1
32.074510	7.0	3.0	80.0	-38.7632	37350200.0	975.0	1.0	1191.0	1.0	1213.0	13.0	8229.0	0.0	1	vertical3	1
32.175128	7.0	3.0	80.0	-38.6402	30617500.0	975.0	41.0	981.0	47.0	1195.0	11.0	4317.0	0.0	1	vertical3	1
32.275151	7.0	3.0	80.0	-38.6565	23579500.0	975.0	70.0	751.0	46.0	1083.0	6.0	420.0	0.0	1	vertical3	1
32.375155	7.0	3.0	80.0	-38.658	36265100.0	975.0	24.0	1155.0	49.0	1149.0	8.0	34.0	0.0	1	vertical3	1
32.476903	7.0	3.0	80.0	-38.4411	36897100.0	975.0	29.0	1197.0	53.0	1180.0	12.0	4126.0	0.0	1	vertical3	1
32.578679	7.0	3.0	80.0	-38.6777	36252900.0	975.0	0.0	1176.0	46.0	1174.0	8.0	44.0	0.0	1	vertical3	1
32.682146	7.0	3.0	80.0	-38.6443	35295600.0	975.0	0.0	1164.0	0.0	1165.0	2.0	2.0	0.0	1	vertical3	1
32.782966	7.0	3.0	80.0	-38.6661	36143800.0	975.0	10.0	1162.0	29.0	1225.0	13.0	92.0	0.0	1	vertical3	1
32.883584	7.0	3.0	80.0	-38.6419	31525300.0	975.0	30.0	1011.0	19.0	1220.0	12.0	4132.0	0.0	1	vertical3	1
32.984183	7.0	3.0	80.0	-38.7833	26479400.0	975.0	45.0	849.0	88.0	1101.0	12.0	532.0	0.0	1	vertical3	1
33.084589	7.0	3.0	80.0	-38.5238	37312100.0	975.0	0.0	1195.0	77.0	1199.0	11.0	4178.0	0.0	1	vertical3	1
33.184596	7.0	3.0	80.0	-38.5923	32615000.0	975.0	15.0	1040.0	76.0	1124.0	9.0	172.0	0.0	1	vertical3	1
33.287609	7.0	3.0	80.0	-38.6421	36398200.0	975.0	0.0	1196.0	2.0	1218.0	11.0	12.0	0.0	1	vertical3	1
33.387778	7.0	3.0	80.0	-38.6953	37525000.0	975.0	13.0	1198.0	40.0	1218.0	10.0	61.0	0.0	1	vertical3	1
33.488700	7.0	3.0	80.0	-38.6343	27860900.0	975.0	26.0	897.0	21.0	1172.0	13.0	296.0	0.0	1	vertical3	1
33.589461	7.0	3.0	80.0	-38.6861	37383500.0	975.0	0.0	1201.0	32.0	1219.0	7.0	50.0	0.0	1	vertical3	1
33.691037	7.0	3.0	80.0	-38.6834	34449400.0	975.0	18.0	1115.0	22.0	1106.0	9.0	8206.0	0.0	1	vertical3	1
33.791854	7.0	3.0	80.0	-38.7261	37019300.0	975.0	5.0	1190.0	26.0	1174.0	15.0	8203.0	0.0	1	vertical3	1
33.891858	7.0	3.0	80.0	-38.6572	34393600.0	975.0	25.0	1097.0	35.0	1177.0	8.0	133.0	0.0	1	vertical3	1
33.993502	7.0	3.0	80.0	-38.6387	33452900.0	975.0	20.0	1085.0	36.0	1134.0	9.0	67.0	0.0	1	vertical3	1
34.094818	7.0	3.0	80.0	-38.6614	33481900.0	975.0	33.0	1081.0	52.0	1166.0	8.0	4233.0	0.0	1	vertical3	1
34.194822	7.0	3.0	80.0	-38.7094	37461600.0	975.0	4.0	1194.0	33.0	1193.0	8.0	4128.0	0.0	1	vertical3	1
34.294824	7.0	3.0	80.0	-38.5959	37085200.0	975.0	0.0	1183.0	14.0	1203.0	21.0	4146.0	0.0	1	vertical3	1
34.396193	7.0	3.0	80.0	-38.7473	34193900.0	975.0	24.0	1104.0	66.0	1125.0	10.0	73.0	0.0	1	vertical3	1
34.496351	7.0	3.0	80.0	-38.6908	22072000.0	975.0	53.0	705.0	62.0	1110.0	5.0	467.0	0.0	1	vertical3	1
34.597415	7.0	3.0	80.0	-38.6213	34905000.0	975.0	14.0	1125.0	13.0	1215.0	10.0	4199.0	0.0	1	vertical3	1
34.697687	7.0	3.0	80.0	-38.5841	36655300.0	975.0	1.0	1171.0	5.0	1200.0	20.0	8226.0	0.0	1	vertical3	1
34.797694	7.0	3.0	80.0	-38.5951	35746700.0	975.0	15.0	1141.0	47.0	1129.0	5.0	56.0	0.0	1	vertical3	1
34.897728	7.00102	3.0	80.0	-38.5607	30781100.0	975.199	44.0	981.0	78.0	1115.0	14.0	8387.0	0.0	1	vertical3	1
34.999059	7.00095	3.0	80.0	-38.6575	32593200.0	975.185	14.0	1054.0	82.0	1143.0	7.0	100.0	0.0	1	vertical3	1
35.099246	7.00308	3.0	80.0	-38.7169	10192100.0	975.6	83.0	325.0	23.0	1100.0	4.0	840.0	0.0	1	vertical3	1
35.200592	7.0	3.0	80.0	-38.5729	36950200.0	975.0	4.0	1194.0	43.0	1178.0	6.0	54.0	0.0	1	vertical3	1
35.301884	7.0	3.0	80.0	-38.5608	38414900.0	975.0	1.0	1241.0	2.0	1266.0	10.0	4123.0	0.0	1	vertical3	1
35.403056	7.0	3.0	80.0	-38.6177	39501900.0	975.0	13.0	1274.0	26.0	1264.0	8.0	4112.0	0.0	1	vertical3	1
35.503347	7.0	3.0	80.0	-38.6376	35566300.0	975.0	0.0	1137.0	11.0	1150.0	7.0	4121.0	0.0	1	vertical3	1
35.603386	7.0	3.0	80.0	-38.6854	33454800.0	975.0	16.0	1068.0	2.0	1192.0	9.0	16.0	0.0	1	vertical3	1
35.703594	7.0	3.0	80.0	-38.6942	25011800.0	975.0	50.0	798.0	33.0	1129.0	6.0	474.0	0.0	1	vertical3	1
35.803595	7.00092	3.0	80.0	-38.4889	33954000.0	975.18	25.0	1082.0	20.0	1212.0	9.0	4251.0	0.0	1	vertical3	1
35.904698	7.0	3.0	80.0	-38.6952	36199500.0	975.0	11.0	1168.0	66.0	1160.0	7.0	49.0	0.0	1	vertical3	1
36.004701	7.0	3.0	80.0	-38.8263	38125400.0	975.0	0.0	1215.0	2.0	1195.0	4.0	7.0	0.0	1	vertical3	1
36.105569	7.0	3.0	80.0	-38.6928	36517500.0	975.0	7.0	1175.0	48.0	1197.0	4.0	50.0	0.0	1	vertical3	1
36.206536	7.0	3.0	80.0	-38.6391	35594200.0	975.0	1.0	1147.0	22.0	1174.0	12.0	4146.0	0.0	1	vertical3	1
36.307811	7.0	3.0	80.0	-38.5724	37892600.0	975.0	18.0	1223.0	39.0	1193.0	3.0	9.0	0.0	1	vertical3	1
36.409068	7.0	3.0	80.0	-38.7763	35645300.0	975.0	11.0	1149.0	54.0	1175.0	7.0	80.0	0.0	1	vertical3	1
36.509910	7.0	3.0	80.0	-38.7109	35184700.0	975.0	8.0	1131.0	8.0	1126.0	4.0	4.0	0.0	1	vertical3	1
36.610315	7.0	3.0	80.0	-38.8405	34694500.0	975.0	12.0	1110.0	5.0	1152.0	6.0	47.0	0.0	1	vertical3	1
36.710347	7.0	3.0	80.0	-38.5823	29115100.0	975.0	36.0	929.0	23.0	1175.0	10.0	269.0	0.0	1	vertical3	1
36.810352	7.0	3.0	80.0	-38.5931	39916400.0	975.0	0.0	1273.0	8.0	1265.0	2.0	9.0	0.0	1	vertical3	1
36.911668	7.0	3.0	80.0	-38.7385	33807500.0	975.0	15.0	1090.0	17.0	1142.0	10.0	61.0	0.0	1	vertical3	1
37.011676	7.0	3.0	80.0	-38.7401	37980100.0	975.0	3.0	1212.0	30.0	1199.0	8.0	4130.0	0.0	1	vertical3	1
37.112499	7.0	3.0	80.0	-38.7883	35737100.0	975.0	1.0	1148.0	23.0	1170.0	6.0	28.0	0.0	1	vertical3	1
37.214628	7.0	3.0	80.0	-38.6741	34479800.0	975.0	2.0	1123.0	23.0	1135.0	7.0	36.0	0.0	1	vertical3	1
37.315034	7.00091	3.0	80.0	-38.6435	34177700.0	975.178	25.0	1094.0	67.0	1195.0	10.0	4264.0	0.0	1	vertical3	1
37.415040	7.0	3.0	80.0	-38.6649	34817900.0	975.0	23.0	1110.0	28.0	1124.0	13.0	4143.0	0.0	1	vertical3	1
37.516620	7.0	3.0	80.0	-38.6482	29073700.0	975.0	51.0	941.0	56.0	1155.0	5.0	265.0	0.0	1	vertical3	1
37.617965	7.00089	3.0	80.0	-38.6811	34948200.0	975.173	12.0	1129.0	19.0	1147.0	10.0	4134.0	0.0	1	vertical3	1
37.719412	7.00147	3.0	80.0	-38.6256	21062200.0	975.286	56.0	681.0	17.0	1159.0	4.0	144.0	0.0	1	vertical3	1
37.820017	7.00254	3.0	80.0	-38.6298	24507400.0	975.496	41.0	786.0	58.0	1097.0	8.0	718.0	0.0	1	vertical3	1
37.921074	7.0	3.0	80.0	-38.8353	36729500.0	975.0	7.0	1184.0	14.0	1177.0	9.0	4123.0	0.0	1	vertical3	1
38.021574	7.0	3.0	80.0	-38.6675	36994400.0	975.0	0.0	1185.0	4.0	1213.0	9.0	15.0	0.0	1	vertical3	1
38.121807	7.0	3.0	80.0	-38.6794	36026200.0	975.0	0.0	1151.0	21.0	1154.0	4.0	24.0	0.0	1	vertical3	1
38.223425	7.0	3.0	80.0	-38.5737	27034000.0	975.0	7.0	875.0	23.0	1198.0	2.0	25.0	0.0	1	vertical3	1
38.323515	7.00223	3.0	80.0	-38.5902	14054300.0	975.434	96.0	449.0	39.0	1056.0	11.0	968.0	0.0	1	vertical3	1
38.424372	7.0	3.0	80.0	-38.5598	37986300.0	975.0	18.0	1220.0	37.0	1240.0	12.0	57.0	0.0	1	vertical3	1
38.526391	7.0	3.0	80.0	-38.6947	34053500.0	975.0	28.0	1107.0	32.0	1149.0	9.0	4170.0	0.0	1	vertical3	1
38.627625	7.00102	3.0	80.0	-38.5169	30323300.0	975.199	27.0	979.0	57.0	1179.0	10.0	8449.0	0.0	1	vertical3	1
38.728075	7.0	3.0	80.0	-38.6161	38485700.0	975.0	2.0	1232.0	2.0	1234.0	5.0	5.0	0.0	1	vertical3	1
38.828683	7.0	3.0	80.0	-38.7535	35813100.0	975.0	1.0	1148.0	66.0	1155.0	8.0	73.0	0.0	1	vertical3	1
38.928748	7.0	3.0	80.0	-38.8381	35819800.0	975.0	0.0	1143.0	22.0	1129.0	8.0	8217.0	0.0	1	vertical3	1
39.029837	7.0	3.0	80.0	-38.7558	36218700.0	975.0	0.0	1167.0	53.0	1192.0	7.0	62.0	0.0	1	vertical3	1
39.131029	7.00334	3.0	80.0	-38.8027	27801800.0	975.652	32.0	897.0	17.0	1183.0	8.0	8451.0	0.0	1	vertical3	1
39.231595	7.0	3.0	80.0	-38.6294	34342100.0	975.0	10.0	1101.0	51.0	1148.0	7.0	137.0	0.0	1	vertical3	1
39.331601	7.0	3.0	80.0	-38.7098	26888700.0	975.0	63.0	858.0	56.0	1083.0	5.0	290.0	0.0	1	vertical3	1
39.431604	7.0	3.0	80.0	-38.7381	31609700.0	975.0	20.0	1008.0	33.0	1149.0	7.0	4243.0	0.0	1	vertical3	1
39.531613	7.0023	3.0	80.0	-38.6368	13640600.0	975.448	62.0	435.0	39.0	1078.0	5.0	4822.0	0.0	1	vertical3	1
39.631648	7.0	3.0	80.0	-38.7321	34493700.0	975.0	28.0	1101.0	71.0	1113.0	9.0	4158.0	0.0	1	vertical3	1
39.731703	7.0	3.0	80.0	-38.6365	22849400.0	975.0	88.0	729.0	11.0	1052.0	8.0	353.0	0.0	1	vertical3	1
39.831813	7.00094	3.0	80.0	-38.7163	33492200.0	975.183	46.0	1068.0	15.0	1126.0	9.0	4130.0	0.0	1	vertical3	1
39.933910	7.0	3.0	80.0	-38.4782	26799600.0	975.0	53.0	872.0	19.0	1103.0	10.0	52.0	0.0	1	vertical3	1
40.034058	7.00158	3.0	80.0	-38.7003	19873900.0	975.308	62.0	634.0	14.0	1113.0	2.0	462.0	0.0	1	vertical3	1
40.134283							90.0	0.0	0.0	1024.0	0.0	0.0	0.0	1	vertical3	1
40.235454	7.00549	3.0	80.0	-38.8916	22567400.0	975.981	98.0	729.0	37.0	1070.0	5.0	1459.0	0.0	1	vertical3	1
40.335776	7.0	3.0	80.0	-38.563	35477200.0	975.0	14.0	1135.0	62.0	1112.0	9.0	235.0	0.0	1	vertical3	1
40.437118	7.0	3.0	80.0	-38.7056	35182600.0	975.0	14.0	1138.0	17.0	1175.0	4.0	54.0	0.0	1	vertical3	1
40.538450	7.0	3.0	80.0	-38.6018	34347600.0	975.0	0.0	1110.0	77.0	1128.0	15.0	96.0	0.0	1	vertical3	1
40.638455	7.00107	3.0	80.0	-38.6155	29201200.0	975.209	36.0	931.0	18.0	1170.0	5.0	4361.0	0.0	1	vertical3	1
40.738458	7.0	3.0	80.0	-38.7623	24292600.0	975.0	69.0	774.0	65.0	1103.0	8.0	4493.0	0.0	1	vertical3	1
40.838912	7.0	3.0	80.0	-38.5943	38107700.0	975.0	30.0	1220.0	38.0	1240.0	6.0	48.0	0.0	1	vertical3	1
40.940213	7.0	3.0	80.0	-38.6176	34481800.0	975.0	0.0	1114.0	21.0	1132.0	15.0	4135.0	0.0	1	vertical3	1
41.040217	7.0	3.0	80.0	-38.7531	32883700.0	975.0	36.0	1049.0	83.0	1108.0	9.0	160.0	0.0	1	vertical3	1
41.140478	7.0	3.0	80.0	-38.5998	37789000.0	975.0	12.0	1207.0	58.0	1194.0	9.0	4123.0	0.0	1	vertical3	1
41.241397	7.0	3.0	80.0	-38.72	35953000.0	975.0	15.0	1157.0	28.0	1176.0	7.0	48.0	0.0	1	vertical3	1
41.342900	7.0	3.0	80.0	-38.7428	36318500.0	975.0	3.0	1174.0	23.0	1192.0	8.0	41.0	0.0	1	vertical3	1
41.442962	7.0	3.0	80.0	-38.6229	35096400.0	975.0	21.0	1119.0	38.0	1173.0	7.0	92.0	0.0	1	vertical3	1
41.543689	7.0	3.0	80.0	-38.6951	36880500.0	975.0	1.0	1184.0	34.0	1191.0	9.0	42.0	0.0	1	vertical3	1
41.643734	7.0	3.0	80.0	-38.7103	34475600.0	975.0	0.0	1101.0	4.0	1091.0	7.0	4107.0	0.0	1	vertical3	1
41.745650	7.0	3.0	80.0	-38.7143	35524500.0	975.0	1.0	1155.0	45.0	1176.0	9.0	4145.0	0.0	1	vertical3	1
41.846249	7.0	3.0	80.0	-38.6712	36693200.0	975.0	0.0	1177.0	25.0	1192.0	14.0	4136.0	0.0	1	vertical3	1
41.946696	7.0	3.0	80.0	-38.6998	36060100.0	975.0	12.0	1156.0	34.0	1171.0	6.0	50.0	0.0	1	vertical3	1
42.046881	7.0	3.0	80.0	-38.6348	34770400.0	975.0	28.0	1109.0	64.0	1130.0	8.0	85.0	0.0	1	vertical3	1
42.147551	7.0	3.0	80.0	-38.6061	38027000.0	975.0	0.0	1221.0	0.0	1224.0	3.0	3.0	0.0	1	vertical3	1
42.248211	7.0	3.0	80.0	-38.6723	34904300.0	975.0	23.0	1120.0	32.0	1171.0	10.0	84.0	0.0	1	vertical3	1
42.348233	7.0	3.0	80.0	-38.645	36637400.0	975.0	2.0	1169.0	6.0	1173.0	7.0	10.0	0.0	1	vertical3	1
42.448363	7.0	3.0	80.0	-38.7236	37588100.0	975.0	19.0	1201.0	61.0	1178.0	14.0	38.0	0.0	1	vertical3	1
42.548700	7.01143	3.0	80.0	-38.2914	5472890.0	977.229	114.0	175.0	2.0	1035.0	2.0	5.0	0.0	1	vertical3	1
42.649316	7.0042	3.0	80.0	-38.7983	14840600.0	975.819	104.0	476.0	23.0	1053.0	3.0	1458.0	0.0	1	vertical3	1
42.749467	7.0	3.0	80.0	-38.7345	37281000.0	975.0	1.0	1190.0	1.0	1180.0	3.0	8.0	0.0	1	vertical3	1
42.851077	7.0	3.0	80.0	-38.6689	36901200.0	975.0	1.0	1196.0	42.0	1221.0	4.0	50.0	0.0	1	vertical3	1
42.951665	7.00092	3.0	80.0	-38.5491	33974600.0	975.179	19.0	1089.0	25.0	1145.0	11.0	82.0	0.0	1	vertical3	1
43.054125	7.0	3.0	80.0	-38.7	34321000.0	975.0	16.0	1120.0	16.0	1177.0	4.0	73.0	0.0	1	vertical3	1
43.154454	7.01648	3.0	80.0	-38.7143	5692820.0	978.214	93.0	182.0	20.0	1126.0	4.0	5060.0	0.0	1	vertical3	1
43.254727	7.07692	3.0	80.0	-38.7538	2039920.0	989.0	74.0	65.0	1.0	1086.0	5.0	2818.0	0.0	1	vertical3	1
43.355100	7.0	3.0	80.0	-38.5041	18983200.0	975.0	61.0	607.0	34.0	1100.0	8.0	2828.0	0.0	1	vertical3	1
43.455817	7.0	3.0	80.0	-38.7315	37039600.0	975.0	6.0	1188.0	29.0	1189.0	7.0	30.0	0.0	1	vertical3	1
43.556352	7.0	3.0	80.0	-38.6634	38108900.0	975.0	5.0	1221.0	27.0	1223.0	6.0	29.0	0.0	1	vertical3	1
43.656386	7.0	3.0	80.0	-38.6915	36585600.0	975.0	0.0	1167.0	32.0	1174.0	13.0	8231.0	0.0	1	vertical3	1
43.756419	7.0	3.0	80.0	-38.748	31016700.0	975.0	9.0	988.0	3.0	1231.0	7.0	4123.0	0.0	1	vertical3	1
43.856717	7.00915	3.0	80.0	-38.6682	13664100.0	976.785	76.0	437.0	57.0	1022.0	9.0	9054.0	0.0	1	vertical3	1
43.959404	7.0	3.0	80.0	-38.7443	37662200.0	975.0	1.0	1232.0	23.0	1239.0	7.0	30.0	0.0	1	vertical3	1
44.059702	7.0	3.0	80.0	-38.846	36582800.0	975.0	0.0	1169.0	64.0	1172.0	4.0	67.0	0.0	1	vertical3	1
44.160765	7.0	3.0	80.0	-38.5825	32584600.0	975.0	15.0	1049.0	113.0	1132.0	12.0	8389.0	0.0	1	vertical3	1
44.260964	7.00098	3.0	80.0	-38.5526	31830300.0	975.192	17.0	1017.0	65.0	1128.0	11.0	171.0	0.0	1	vertical3	1
44.360966	7.0	3.0	80.0	-38.7429	23050400.0	975.0	51.0	735.0	45.0	1101.0	6.0	419.0	0.0	1	vertical3	1
44.462408	7.0	3.0	80.0	-38.6399	33037900.0	975.0	14.0	1069.0	45.0	1171.0	8.0	145.0	0.0	1	vertical3	1
44.562414	7.0	3.0	80.0	-38.6856	37587300.0	975.0	0.0	1199.0	106.0	1152.0	8.0	68.0	0.0	1	vertical3	1
44.663854	7.0	3.0	80.0	-38.6236	34015400.0	975.0	19.0	1100.0	44.0	1106.0	9.0	59.0	0.0	1	vertical3	1
44.764894	7.00205	3.0	80.0	-38.8197	15136600.0	975.4	94.0	488.0	40.0	1113.0	5.0	648.0	0.0	1	vertical3	1
44.866391	7.0	3.0	80.0	-38.6511	35701200.0	975.0	22.0	1155.0	47.0	1187.0	7.0	78.0	0.0	1	vertical3	1
44.966408	7.0	3.0	80.0	-38.731	38684500.0	975.0	1.0	1234.0	52.0	1202.0	3.0	21.0	0.0	1	vertical3	1
45.067639	7.00095	3.0	80.0	-38.6616	32515200.0	975.186	23.0	1049.0	0.0	1260.0	6.0	4131.0	0.0	1	vertical3	1
45.168393	7.00592	3.0	80.0	-39.0059	5278030.0	976.154	70.0	169.0	11.0	1085.0	2.0	780.0	0.0	1	vertical3	1
45.268952	7.00496	3.0	80.0	-38.8908	12564600.0	975.968	74.0	403.0	23.0	1038.0	10.0	5078.0	0.0	1	vertical3	1
45.369993	7.0	3.0	80.0	-38.809	37262700.0	975.0	0.0	1199.0	55.0	1191.0	15.0	47.0	0.0	1	vertical3	1
45.471166	7.0	3.0	80.0	-38.6692	37106900.0	975.0	0.0	1197.0	46.0	1179.0	6.0	29.0	0.0	1	vertical3	1
45.571592	7.00134	3.0	80.0	-38.8019	23344200.0	975.261	63.0	747.0	30.0	1110.0	4.0	393.0	0.0	1	vertical3	1
45.672327	7.0	3.0	80.0	-38.6511	26615000.0	975.0	31.0	854.0	60.0	1120.0	5.0	326.0	0.0	1	vertical3	1
45.773538	7.0	3.0	80.0	-38.6337	38615300.0	975.0	0.0	1245.0	4.0	1247.0	7.0	8198.0	0.0	1	vertical3	1
45.873733	7.0	3.0	80.0	-38.6073	36762000.0	975.0	0.0	1174.0	86.0	1147.0	13.0	76.0	0.0	1	vertical3	1
45.975252	7.02481	3.0	78.5115	-38.5885	36142900.0	957.263	1.0	1169.0	16.0	1191.0	8.0	22.0	0.0	1	vertical3	1
46.075917	7.00094	3.0	79.2083	-38.7135	33058800.0	964.793	0.0	1061.0	24.0	1088.0	9.0	8243.0	0.0	1	vertical3	1
46.175944	7.0	3.0	80.0	-38.8803	34275900.0	975.0	10.0	1094.0	54.0	1110.0	9.0	69.0	0.0	1	vertical3	1
46.276502	7.0	3.0	80.0	-38.8618	36302400.0	975.0	0.0	1165.0	0.0	1168.0	5.0	5.0	0.0	1	vertical3	1
46.377510	7.0	3.0	80.0	-38.6687	36077500.0	975.0	16.0	1162.0	22.0	1153.0	7.0	13.0	0.0	1	vertical3	1
46.477513	7.0	3.0	80.0	-38.6616	37257700.0	975.0	0.0	1188.0	53.0	1177.0	10.0	4154.0	0.0	1	vertical3	1
46.577518	7.0	3.0	80.0	-38.6865	36941600.0	975.0	1.0	1177.0	47.0	1196.0	7.0	53.0	0.0	1	vertical3	1
46.677522	7.0	3.0	80.0	-38.7003	37525700.0	975.0	0.0	1198.0	44.0	1196.0	8.0	49.0	0.0	1	vertical3	1
46.777940	7.0	3.0	80.0	-38.7715	30868700.0	975.0	26.0	989.0	39.0	1167.0	9.0	142.0	0.0	1	vertical3	1
46.877947	8.0	3.0	80.0	-40.0	63035.7	1170.0	105.0	2.0	0.0	1064.0	2.0	914.0	0.0	1	vertical3	1
46.978052	7.00286	3.0	80.0	-38.6753	21910300.0	975.558	19.0	699.0	24.0	1127.0	6.0	667.0	0.0	1	vertical3	1
47.078301	7.0	3.0	80.0	-38.8077	36460000.0	975.0	20.0	1165.0	21.0	1154.0	2.0	10.0	0.0	1	vertical3	1
47.179571	7.00118	3.0	80.0	-38.6387	26227000.0	975.23	32.0	847.0	42.0	1126.0	4.0	277.0	0.0	1	vertical3	1
47.280950	7.00483	3.0	80.0	-38.8527	12834700.0	975.942	99.0	414.0	37.0	1015.0	5.0	683.0	0.0	1	vertical3	1
47.381007	7.00122	3.0	80.0	-38.8821	25804900.0	975.237	40.0	823.0	23.0	1122.0	6.0	4418.0	0.0	1	vertical3	1
47.481010	7.0	3.0	80.0	-38.7967	35779100.0	975.0	1.0	1141.0	43.0	1133.0	7.0	8239.0	0.0	1	vertical3	1
47.581329	7.0	3.0	80.0	-38.524	21533300.0	975.0	82.0	687.0	50.0	1084.0	6.0	435.0	0.0	1	vertical3	1
47.682135	7.0	3.0	80.0	-38.6803	38177600.0	975.0	0.0	1226.0	25.0	1235.0	10.0	35.0	0.0	1	vertical3	1
47.782497	7.0	3.0	80.0	-38.7702	36309400.0	975.0	1.0	1162.0	4.0	1150.0	8.0	4106.0	0.0	1	vertical3	1
47.883711	7.0	3.0	80.0	-38.7448	38708900.0	975.0	0.0	1250.0	21.0	1271.0	6.0	4120.0	0.0	1	vertical3	1
47.985278	7.0	3.0	80.0	-38.8588	18559700.0	975.0	66.0	602.0	1.0	1121.0	4.0	7.0	0.0	1	vertical3	1
48.085523	7.0	3.0	80.0	-38.5841	35347400.0	975.0	4.0	1130.0	78.0	1115.0	13.0	4673.0	0.0	1	vertical3	1
48.185771	7.0	3.0	80.0	-38.6963	33368600.0	975.0	19.0	1067.0	24.0	1165.0	11.0	4218.0	0.0	1	vertical3	1
48.286400	7.0	3.0	80.0	-38.6975	29959100.0	975.0	43.0	962.0	31.0	1110.0	6.0	4275.0	0.0	1	vertical3	1
48.386569	7.0	3.0	80.0	-38.7839	35059900.0	975.0	2.0	1120.0	23.0	1146.0	7.0	50.0	0.0	1	vertical3	1
48.486845	7.0	3.0	80.0	-38.7188	34787500.0	975.0	0.0	1113.0	22.0	1140.0	6.0	49.0	0.0	1	vertical3	1
48.587418	7.0	3.0	80.0	-38.8327	34481200.0	975.0	10.0	1106.0	50.0	1175.0	10.0	93.0	0.0	1	vertical3	1
48.688963	8.0	3.0	80.0	-39.25	123926.0	1170.0	108.0	4.0	0.0	1100.0	4.0	5099.0	0.0	1	vertical3	1
48.789112	7.00093	3.0	80.0	-38.8986	33699000.0	975.181	17.0	1075.0	61.0	1124.0	5.0	185.0	0.0	1	vertical3	1
48.890328	7.00673	3.0	80.0	-38.5892	9203050.0	976.313	115.0	297.0	27.0	1046.0	6.0	4917.0	0.0	1	vertical3	1
48.991369	7.00147	3.0	80.0	-38.782	21084500.0	975.287	76.0	679.0	52.0	1142.0	6.0	515.0	0.0	1	vertical3	1
49.092712	7.0	3.0	80.0	-38.7028	37416600.0	975.0	28.0	1208.0	50.0	1214.0	5.0	56.0	0.0	1	vertical3	1
49.193390	7.0	3.0	80.0	-38.6712	36975500.0	975.0	0.0	1186.0	19.0	1182.0	7.0	16.0	0.0	1	vertical3	1
49.293896	7.0	3.0	80.0	-38.6574	37148000.0	975.0	10.0	1188.0	57.0	1209.0	8.0	78.0	0.0	1	vertical3	1
49.393899	7.0	3.0	80.0	-38.6976	37855600.0	975.0	3.0	1207.0	24.0	1177.0	7.0	12.0	0.0	1	vertical3	1
49.495256	7.0	3.0	80.0	-38.762	36184600.0	975.0	16.0	1168.0	38.0	1176.0	6.0	29.0	0.0	1	vertical3	1
49.595362	7.0	3.0	80.0	-38.6684	36982200.0	975.0	16.0	1179.0	27.0	1237.0	10.0	103.0	0.0	1	vertical3	1
49.695362	7.00208	3.0	80.0	-38.6906	30130800.0	975.406	37.0	960.0	24.0	1155.0	8.0	12496.0	0.0	1	vertical3	1
49.795678	7.0	3.0	80.0	-38.816	38270000.0	975.0	0.0	1223.0	53.0	1235.0	7.0	59.0	0.0	1	vertical3	1
49.896592	7.0	3.0	80.0	-38.6981	35596700.0	975.0	24.0	1146.0	20.0	1179.0	6.0	53.0	0.0	1	vertical3	1
49.997252	7.00117	3.0	80.0	-38.6101	26619800.0	975.228	43.0	854.0	20.0	1107.0	3.0	273.0	0.0	1	vertical3	1
50.098766	7.0	3.0	80.0	-38.7319	27325300.0	975.0	31.0	884.0	44.0	1240.0	8.0	232.0	0.0	1	vertical3	1
50.199560	7.0	3.0	80.0	-38.5748	25382800.0	975.0	56.0	816.0	54.0	1082.0	4.0	489.0	0.0	1	vertical3	1
50.300030	7.00901	3.0	80.0	-38.8108	6922380.0	976.757	76.0	222.0	0.0	1080.0	4.0	610.0	0.0	1	vertical3	1
50.400179	7.0303	3.0	80.0	-38.7121	2073630.0	980.909	93.0	66.0	12.0	1111.0	4.0	1305.0	0.0	1	vertical3	1
50.502161	7.00338	3.0	80.0	-38.8061	27277900.0	975.66	61.0	887.0	34.0	1130.0	9.0	390.0	0.0	1	vertical3	1
50.603054	7.00281	3.0	80.0	-38.9691	11057100.0	975.548	81.0	356.0	29.0	1013.0	6.0	4670.0	0.0	1	vertical3	1
50.704425	7.0	3.0	80.0	-38.686	34627400.0	975.0	62.0	1118.0	104.0	1147.0	9.0	133.0	0.0	1	vertical3	1
50.805915	7.0	3.0	80.0	-38.682	30913400.0	975.0	21.0	1000.0	1.0	1189.0	7.0	4107.0	0.0	1	vertical3	1
50.906781	7.01111	3.0	80.0	-38.4444	5615630.0	977.167	74.0	180.0	14.0	1106.0	3.0	1102.0	0.0	1	vertical3	1
51.008568	7.0	3.0	80.0	-38.7848	14622800.0	975.0	81.0	474.0	20.0	1040.0	6.0	622.0	0.0	1	vertical3	1
51.110310	7.0	3.0	80.0	-38.8027	32352000.0	975.0	42.0	1049.0	29.0	1244.0	7.0	205.0	0.0	1	vertical3	1
51.210443	7.0	3.0	80.0	-38.5623	36249700.0	975.0	3.0	1156.0	30.0	1194.0	9.0	70.0	0.0	1	vertical3	1
51.310844	7.00153	3.0	80.0	-38.716	20482500.0	975.298	57.0	655.0	23.0	1107.0	7.0	475.0	0.0	1	vertical3	1
51.411066	7.0	3.0	80.0	-38.8381	37551400.0	975.0	5.0	1198.0	26.0	1187.0	6.0	15.0	0.0	1	vertical3	1
51.512691	7.00271	3.0	80.0	-38.7232	22698800.0	975.529	38.0	737.0	58.0	1089.0	7.0	427.0	0.0	1	vertical3	1
51.612694	7.0	3.0	80.0	-38.3385	14285900.0	975.0	85.0	455.0	16.0	1083.0	4.0	641.0	0.0	1	vertical3	1
51.714540	7.0	3.0	80.0	-38.5448	30558900.0	975.0	31.0	993.0	82.0	1133.0	8.0	209.0	0.0	1	vertical3	1
51.814674	7.0	3.0	80.0	-38.755	34396200.0	975.0	5.0	1098.0	33.0	1189.0	5.0	124.0	0.0	1	vertical3	1
51.914920	7.0	3.0	80.0	-38.5978	37701400.0	975.0	4.0	1206.0	31.0	1200.0	7.0	4121.0	0.0	1	vertical3	1
52.016151	7.0	3.0	80.0	-38.5175	36245700.0	975.0	5.0	1169.0	6.0	1179.0	4.0	12.0	0.0	1	vertical3	1
52.116851	7.0	3.0	80.0	-38.8013	28218600.0	975.0	22.0	906.0	50.0	1193.0	11.0	92.0	0.0	1	vertical3	1
52.217124	7.0	3.0	80.0	-38.6971	20540500.0	975.0	66.0	657.0	34.0	1082.0	3.0	639.0	0.0	1	vertical3	1
52.319801	7.0	3.0	80.0	-38.708	18756000.0	975.0	92.0	613.0	60.0	1084.0	5.0	602.0	0.0	1	vertical3	1
52.420159	7.0	3.0	80.0	-38.7134	35667500.0	975.0	5.0	1141.0	26.0	1163.0	6.0	48.0	0.0	1	vertical3	1
52.520397	7.0	3.0	80.0	-38.8008	37658600.0	975.0	0.0	1205.0	14.0	1205.0	8.0	14.0	0.0	1	vertical3	1
52.620757	7.00091	3.0	80.0	-38.6855	34411800.0	975.177	11.0	1100.0	17.0	1166.0	7.0	4180.0	0.0	1	vertical3	1
52.720761	7.0	3.0	80.0	-38.7247	37132000.0	975.0	0.0	1184.0	0.0	1174.0	8.0	8.0	0.0	1	vertical3	1
52.820765	7.0	3.0	80.0	-38.778	35038700.0	975.0	10.0	1117.0	19.0	1136.0	4.0	31.0	0.0	1	vertical3	1
52.920936	7.0	3.0	80.0	-38.7099	36693000.0	975.0	1.0	1172.0	5.0	1189.0	5.0	11.0	0.0	1	vertical3	1
53.022327	7.0	3.0	80.0	-38.5865	38067200.0	975.0	6.0	1231.0	6.0	1250.0	12.0	8218.0	0.0	1	vertical3	1
53.122727	7.0	3.0	80.0	-38.7445	35559100.0	975.0	1.0	1139.0	37.0	1149.0	12.0	47.0	0.0	1	vertical3	1
53.224272	7.0	3.0	80.0	-38.7357	35203600.0	975.0	5.0	1139.0	0.0	1249.0	8.0	4102.0	0.0	1	vertical3	1
53.326021	7.00198	3.0	80.0	-38.8266	31098000.0	975.387	30.0	1009.0	27.0	1122.0	9.0	8436.0	0.0	1	vertical3	1
53.427736	7.00081	3.0	80.0	-38.7606	38022000.0	975.158	0.0	1232.0	10.0	1240.0	11.0	4115.0	0.0	1	vertical3	1
53.529217	7.001	3.0	80.0	-38.6981	30883600.0	975.196	22.0	997.0	22.0	1186.0	14.0	4242.0	0.0	1	vertical3	1
53.629841	7.0	3.0	80.0	-38.6479	35495900.0	975.0	34.0	1139.0	48.0	1174.0	9.0	148.0	0.0	1	vertical3	1
53.729903	7.0	3.0	80.0	-38.5579	35757100.0	975.0	10.0	1140.0	67.0	1178.0	8.0	4219.0	0.0	1	vertical3	1
53.829934	7.00122	3.0	80.0	-38.6867	25607700.0	975.239	46.0	817.0	42.0	1155.0	5.0	362.0	0.0	1	vertical3	1
53.930334	7.0	3.0	80.0	-38.7769	19448900.0	975.0	36.0	623.0	0.0	1078.0	4.0	7.0	0.0	1	vertical3	1
54.031378	7.00146	3.0	80.0	-38.7259	21332500.0	975.284	47.0	686.0	28.0	1147.0	7.0	5034.0	0.0	1	vertical3	1
54.131629	7.0	3.0	80.0	-38.7154	37213800.0	975.0	8.0	1191.0	46.0	1182.0	4.0	38.0	0.0	1	vertical3	1
54.232259	7.0	3.0	80.0	-38.6916	38371600.0	975.0	1.0	1232.0	5.0	1239.0	8.0	12.0	0.0	1	vertical3	1
54.333127	7.0	3.0	80.0	-38.6975	37670000.0	975.0	0.0	1210.0	21.0	1212.0	3.0	23.0	0.0	1	vertical3	1
54.434413	7.0	3.0	80.0	-38.7682	37546400.0	975.0	0.0	1212.0	32.0	1224.0	8.0	45.0	0.0	1	vertical3	1
54.535718	7.0	3.0	80.0	-38.8842	38736800.0	975.0	1.0	1252.0	16.0	1245.0	6.0	9.0	0.0	1	vertical3	1
54.635746	7.0	3.0	80.0	-38.743	37247900.0	975.0	0.0	1187.0	4.0	1188.0	2.0	5.0	0.0	1	vertical3	1
54.736472	7.0	3.0	80.0	-38.7276	38630300.0	975.0	1.0	1241.0	1.0	1244.0	4.0	5.0	0.0	1	vertical3	1
54.837507	7.0	3.0	80.0	-38.6746	35303900.0	975.0	11.0	1137.0	76.0	1172.0	6.0	111.0	0.0	1	vertical3	1
54.938138	7.0	3.0	80.0	-38.7363	31288000.0	975.0	30.0	1005.0	19.0	1133.0	2.0	147.0	0.0	1	vertical3	1
55.038321	7.0	3.0	80.0	-38.7335	34096200.0	975.0	9.0	1088.0	35.0	1129.0	6.0	4171.0	0.0	1	vertical3	1
55.138341	7.00149	3.0	80.0	-38.7932	21033600.0	975.29	68.0	672.0	80.0	1060.0	7.0	4565.0	0.0	1	vertical3	1
55.238662	7.0	3.0	80.0	-38.7223	30490300.0	975.0	15.0	976.0	37.0	1123.0	7.0	185.0	0.0	1	vertical3	1
55.338971	7.0	3.0	80.0	-38.6483	37441700.0	975.0	1.0	1197.0	67.0	1178.0	5.0	48.0	0.0	1	vertical3	1
55.439709	7.0	3.0	80.0	-38.8219	35830400.0	975.0	2.0	1151.0	45.0	1153.0	4.0	47.0	0.0	1	vertical3	1
55.541023	7.0	3.0	80.0	-38.7829	36946100.0	975.0	15.0	1193.0	16.0	1195.0	7.0	19.0	0.0	1	vertical3	1
55.642341	7.0	3.0	80.0	-38.5486	36604200.0	975.0	23.0	1183.0	4.0	1241.0	10.0	4113.0	0.0	1	vertical3	1
55.742363	7.0	3.0	80.0	-38.8751	32672100.0	975.0	31.0	1041.0	63.0	1105.0	6.0	189.0	0.0	1	vertical3	1
55.843847	7.0	3.0	80.0	-38.7919	32992500.0	975.0	27.0	1067.0	55.0	1152.0	7.0	124.0	0.0	1	vertical3	1
55.944709	7.0	3.0	80.0	-38.7742	37175300.0	975.0	0.0	1196.0	3.0	1197.0	2.0	4.0	0.0	1	vertical3	1
56.044877	7.00105	3.0	80.0	-38.6695	29766100.0	975.205	39.0	950.0	62.0	1148.0	5.0	236.0	0.0	1	vertical3	1
56.146377	7.0	3.0	80.0	-38.9029	27686200.0	975.0	59.0	896.0	28.0	1099.0	3.0	30.0	0.0	1	vertical3	1
56.248033	7.0	3.0	80.0	-38.6448	31141300.0	975.0	67.0	1008.0	45.0	1156.0	8.0	419.0	0.0	1	vertical3	1
56.348809	7.0	3.0	80.0	-38.5339	37158700.0	975.0	0.0	1193.0	52.0	1197.0	8.0	4152.0	0.0	1	vertical3	1
56.448869	7.0	3.0	80.0	-38.6873	35018300.0	975.0	0.0	1116.0	120.0	1119.0	9.0	123.0	0.0	1	vertical3	1
56.550548	7.0	3.0	80.0	-38.5839	34925900.0	975.0	2.0	1132.0	61.0	1138.0	9.0	4164.0	0.0	1	vertical3	1
56.650648	7.0	3.0	80.0	-38.5528	36483500.0	975.0	1.0	1165.0	14.0	1175.0	15.0	41.0	0.0	1	vertical3	1
56.750774	7.0	3.0	80.0	-37.89	35860800.0	975.0	0.0	1145.0	43.0	1186.0	6.0	4162.0	0.0	1	vertical3	1
56.851042	7.0	3.0	80.0	-37.8218	35856300.0	975.0	11.0	1145.0	35.0	1156.0	3.0	46.0	0.0	1	vertical3	1
56.951045	7.0	3.0	80.0	-37.8235	37132000.0	975.0	9.0	1184.0	20.0	1178.0	4.0	18.0	0.0	1	vertical3	1
57.051137	7.00256	3.0	80.0	-37.7327	24522400.0	975.499	75.0	782.0	41.0	1081.0	4.0	4313.0	0.0	1	vertical3	1
57.152823	7.0	3.0	80.0	-37.8631	34953700.0	975.0	11.0	1132.0	62.0	1124.0	13.0	175.0	0.0	1	vertical3	1
57.253988	7.0	3.0	80.0	-37.9094	31464000.0	975.0	31.0	1015.0	38.0	1132.0	4.0	156.0	0.0	1	vertical3	1
57.354427	7.0	3.0	80.0	-37.8542	35152900.0	975.0	3.0	1125.0	3.0	1143.0	3.0	21.0	0.0	1	vertical3	1
57.454983	7.00189	3.0	80.0	-37.8788	16476300.0	975.369	114.0	528.0	76.0	951.0	7.0	4595.0	0.0	1	vertical3	1
57.556026	7.0	3.0	80.0	-37.8319	28232400.0	975.0	44.0	910.0	21.0	1179.0	4.0	290.0	0.0	1	vertical3	1
57.658126	7.0	3.0	80.0	-37.8322	37140500.0	975.0	9.0	1210.0	20.0	1192.0	2.0	3.0	0.0	1	vertical3	1
57.759835	7.0	3.0	80.0	-37.9202	35952000.0	975.0	7.0	1165.0	16.0	1155.0	2.0	5.0	0.0	1	vertical3	1
57.861484	7.0	3.0	80.0	-37.9163	35430700.0	975.0	3.0	1147.0	54.0	1165.0	16.0	73.0	0.0	1	vertical3	1
57.962776	7.0	3.0	80.0	-37.8235	37313300.0	975.0	7.0	1207.0	38.0	1179.0	4.0	10.0	0.0	1	vertical3	1
58.063646	7.0	3.0	80.0	-37.762	36314000.0	975.0	22.0	1168.0	67.0	1154.0	8.0	4150.0	0.0	1	vertical3	1
58.164410	7.0	3.0	80.0	-37.7568	37741600.0	975.0	51.0	1213.0	72.0	1176.0	3.0	35.0	0.0	1	vertical3	1
58.264427	7.0	3.0	80.0	-37.8057	36654100.0	975.0	31.0	1168.0	36.0	1143.0	8.0	4111.0	0.0	1	vertical3	1
58.364986	7.00181	3.0	80.0	-37.8457	17211000.0	975.354	116.0	551.0	24.0	1127.0	4.0	134.0	0.0	1	vertical3	1
58.465437	7.00156	3.0	80.0	-38.0981	20034000.0	975.304	88.0	642.0	17.0	1082.0	8.0	739.0	0.0	1	vertical3	1
58.565979	7.0058	3.0	80.0	-38.0696	10797400.0	976.13	120.0	345.0	34.0	1060.0	4.0	930.0	0.0	1	vertical3	1
58.667098	7.0	3.0	80.0	-38.3253	37080000.0	975.0	5.0	1196.0	59.0	1183.0	6.0	46.0	0.0	1	vertical3	1
58.768668	7.00122	3.0	80.0	-38.7098	25373500.0	975.238	31.0	820.0	20.0	1192.0	5.0	28.0	0.0	1	vertical3	1
58.869887	7.00239	3.0	80.0	-38.7823	12964000.0	975.467	110.0	418.0	27.0	1078.0	5.0	1051.0	0.0	1	vertical3	1
58.971798	7.0	3.0	80.0	-38.7189	30371200.0	975.0	22.0	989.0	40.0	1122.0	9.0	4192.0	0.0	1	vertical3	1
59.072125	7.0012	3.0	80.0	-38.7699	26001200.0	975.235	48.0	830.0	55.0	1135.0	10.0	4535.0	0.0	1	vertical3	1
59.174718	7.00125	3.0	80.0	-38.811	24416100.0	975.244	44.0	799.0	40.0	1157.0	4.0	398.0	0.0	1	vertical3	1
59.274720	7.0	3.0	80.0	-38.6326	37430000.0	975.0	2.0	1192.0	67.0	1188.0	9.0	83.0	0.0	1	vertical3	1
59.375202	7.0	3.0	80.0	-38.9379	37204700.0	975.0	0.0	1191.0	21.0	1218.0	5.0	28.0	0.0	1	vertical3	1
59.477644	7.0	3.0	80.0	-38.8144	34957500.0	975.0	2.0	1142.0	86.0	1131.0	10.0	4171.0	0.0	1	vertical3	1
59.578863	7.0	3.0	80.0	-38.7267	36251700.0	975.0	11.0	1171.0	19.0	1157.0	3.0	6.0	0.0	1	vertical3	1
59.679647	7.0	3.0	80.0	-38.693	31129800.0	975.0	2.0	1000.0	21.0	1160.0	7.0	31.0	0.0	1	vertical3	1
59.780061	7.00442	3.0	80.0	-38.704	21246900.0	975.862	80.0	679.0	46.0	1066.0	13.0	583.0	0.0	1	vertical3	1
59.881140	7.0	3.0	80.0	-38.6591	25933800.0	975.0	36.0	836.0	43.0	1130.0	9.0	4434.0	0.0	1	vertical3	1
59.982236	7.0	3.0	80.0	-38.8311	36886800.0	975.0	0.0	1190.0	0.0	1196.0	6.0	6.0	0.0	1	vertical3	1
60.082306	7.0	3.0	80.0	-38.6959	37201100.0	975.0	2.0	1187.0	4.0	1201.0	9.0	18.0	0.0	1	vertical3	1
60.182805	7.0	3.0	80.0	-38.8046	36462100.0	975.0	15.0	1167.0	17.0	1194.0	3.0	45.0	0.0	1	vertical3	1
60.283261	7.0	3.0	80.0	-38.7292	36431800.0	975.0	6.0	1167.0	59.0	1151.0	3.0	43.0	0.0	1	vertical3	1
60.383272	7.00096	3.0	80.0	-38.6657	32801000.0	975.187	24.0	1044.0	51.0	1167.0	9.0	194.0	0.0	1	vertical3	1
60.485370	7.0	3.0	80.0	-38.8428	33441700.0	975.0	1.0	1088.0	84.0	1125.0	13.0	4197.0	0.0	1	vertical3	1
60.586408	7.0	3.0	80.0	-38.6231	38713400.0	975.0	0.0	1247.0	0.0	1248.0	2.0	2.0	0.0	1	vertical3	1
60.686410	7.0	3.0	80.0	-38.8003	36769900.0	975.0	1.0	1172.0	1.0	1172.0	4.0	10.0	0.0	1	vertical3	1
60.788781	7.0	3.0	80.0	-38.8342	33445200.0	975.0	15.0	1092.0	10.0	1195.0	6.0	104.0	0.0	1	vertical3	1
60.888998	7.0	3.0	80.0	-38.5947	30756300.0	975.0	27.0	982.0	20.0	1153.0	4.0	192.0	0.0	1	vertical3	1
60.989671	7.0	3.0	80.0	-38.8339	38447400.0	975.0	1.0	1234.0	36.0	1261.0	6.0	62.0	0.0	1	vertical3	1
61.090240	7.0	3.0	80.0	-38.7258	35498900.0	975.0	9.0	1138.0	36.0	1150.0	6.0	49.0	0.0	1	vertical3	1
61.190612	7.0	3.0	80.0	-38.7438	35129900.0	975.0	8.0	1124.0	23.0	1177.0	12.0	77.0	0.0	1	vertical3	1
61.291149	7.0	3.0	80.0	-38.6488	34933300.0	975.0	2.0	1122.0	21.0	1131.0	10.0	30.0	0.0	1	vertical3	1
61.393999	7.0	3.0	80.0	-38.7153	35996500.0	975.0	0.0	1180.0	4.0	1187.0	5.0	11.0	0.0	1	vertical3	1
61.494344	7.0	3.0	80.0	-38.7502	37428600.0	975.0	1.0	1197.0	22.0	1220.0	7.0	46.0	0.0	1	vertical3	1
61.595146	7.0	3.0	80.0	-38.6441	36354100.0	975.0	7.0	1169.0	20.0	1172.0	5.0	24.0	0.0	1	vertical3	1
61.695868	7.0	3.0	80.0	-38.7379	37273800.0	975.0	0.0	1198.0	5.0	1205.0	8.0	12.0	0.0	1	vertical3	1
61.795924	7.0	3.0	80.0	-38.6827	31340600.0	975.0	20.0	999.0	10.0	1163.0	9.0	25.0	0.0	1	vertical3	1
61.895974	7.00152	3.0	80.0	-38.7637	20585400.0	975.297	55.0	656.0	13.0	1063.0	11.0	8779.0	0.0	1	vertical3	1
61.996027	7.0	3.0	80.0	-38.7196	34298900.0	975.0	12.0	1095.0	31.0	1227.0	5.0	145.0	0.0	1	vertical3	1
62.098775	7.0	3.0	80.0	-38.6428	35374100.0	975.0	0.0	1159.0	10.0	1174.0	15.0	12314.0	0.0	1	vertical3	1
62.199442	7.0	3.0	80.0	-38.8186	38496000.0	975.0	19.0	1235.0	23.0	1241.0	10.0	29.0	0.0	1	vertical3	1
62.299803	7.0	3.0	80.0	-38.7059	36905000.0	975.0	0.0	1180.0	27.0	1190.0	7.0	38.0	0.0	1	vertical3	1
62.400419	7.0	3.0	80.0	-38.7169	30181000.0	975.0	67.0	968.0	36.0	1191.0	7.0	277.0	0.0	1	vertical3	1
62.501501	7.0	3.0	80.0	-38.8504	37327100.0	975.0	1.0	1203.0	59.0	1219.0	4.0	57.0	0.0	1	vertical3	1
62.602327	7.00115	3.0	80.0	-38.6927	27168200.0	975.224	45.0	872.0	31.0	1103.0	8.0	428.0	0.0	1	vertical3	1
62.702847	7.0	3.0	80.0	-38.7642	36096500.0	975.0	3.0	1158.0	57.0	1183.0	13.0	4013.0	0.0	1	vertical3	1
62.803645	7.0	3.0	80.0	-38.7516	38243300.0	975.0	0.0	1228.0	21.0	1233.0	6.0	26.0	0.0	1	vertical3	1
62.904483	7.0	3.0	80.0	-38.7933	13106700.0	975.0	13.0	421.0	20.0	1132.0	3.0	730.0	0.0	1	vertical3	1
63.004747	7.0	3.0	80.0	-38.6904	40927000.0	975.0	1.0	1308.0	47.0	1287.0	8.0	8219.0	0.0	1	vertical3	1
63.105262	7.0	3.0	80.0	-38.8361	39979200.0	975.0	0.0	1281.0	31.0	1307.0	5.0	58.0	0.0	1	vertical3	1
63.207502	7.0	3.0	80.0	-38.7627	28978000.0	975.0	61.0	944.0	67.0	1131.0	3.0	254.0	0.0	1	vertical3	1
63.307743	7.0	3.0	80.0	-38.9063	34391100.0	975.0	24.0	1099.0	84.0	1133.0	10.0	114.0	0.0	1	vertical3	1
63.409454	7.0	3.0	80.0	-38.7528	36228100.0	975.0	2.0	1173.0	3.0	1185.0	8.0	20.0	0.0	1	vertical3	1
63.510574	7.0009	3.0	80.0	-38.8103	34356600.0	975.176	14.0	1107.0	66.0	1176.0	8.0	135.0	0.0	1	vertical3	1
63.610607	7.0	3.0	80.0	-38.7139	38739800.0	975.0	1.0	1234.0	1.0	1219.0	3.0	3.0	0.0	1	vertical3	1
63.711462	7.00385	3.0	80.0	-38.9557	16177500.0	975.751	84.0	519.0	18.0	1168.0	6.0	320.0	0.0	1	vertical3	1
63.812002	7.0	3.0	80.0	-38.5363	26666700.0	975.0	45.0	854.0	43.0	1109.0	8.0	4725.0	0.0	1	vertical3	1
63.912037	7.0	3.0	80.0	-38.8492	37858500.0	975.0	0.0	1207.0	24.0	1214.0	5.0	48.0	0.0	1	vertical3	1
64.012969	7.0	3.0	80.0	-38.6131	35199500.0	975.0	0.0	1132.0	74.0	1175.0	10.0	4215.0	0.0	1	vertical3	1
64.112994	7.0	3.0	80.0	-38.8682	35143800.0	975.0	16.0	1123.0	52.0	1173.0	5.0	84.0	0.0	1	vertical3	1
64.213404	7.0	3.0	80.0	-38.706	38140600.0	975.0	0.0	1221.0	36.0	1222.0	4.0	37.0	0.0	1	vertical3	1
64.313422	7.0	3.0	80.0	-38.7939	38039600.0	975.0	0.0	1213.0	0.0	1215.0	4.0	4.0	0.0	1	vertical3	1
64.414156	7.0	3.0	80.0	-38.6589	37330600.0	975.0	0.0	1199.0	15.0	1193.0	5.0	8.0	0.0	1	vertical3	1
64.515525	7.00483	3.0	80.0	-38.8647	12805800.0	975.942	87.0	414.0	21.0	1149.0	4.0	424.0	0.0	1	vertical3	1
64.616614	7.0	3.0	80.0	-38.6954	18755300.0	975.0	88.0	604.0	46.0	1088.0	5.0	862.0	0.0	1	vertical3	1
64.718007	7.0	3.0	80.0	-38.7084	39058400.0	975.0	0.0	1262.0	0.0	1262.0	1.0	1.0	0.0	1	vertical3	1
64.818890	7.0	3.0	80.0	-38.6728	37417200.0	975.0	12.0	1204.0	12.0	1200.0	2.0	8.0	0.0	1	vertical3	1
64.919757	7.0	3.0	80.0	-38.8973	35052800.0	975.0	8.0	1129.0	14.0	1200.0	4.0	85.0	0.0	1	vertical3	1
65.020417	7.0	3.0	80.0	-38.674	38327200.0	975.0	19.0	1230.0	0.0	1240.0	6.0	9.0	0.0	1	vertical3	1
65.121411	7.0	3.0	80.0	-38.7538	34695000.0	975.0	18.0	1117.0	30.0	1120.0	6.0	35.0	0.0	1	vertical3	1
65.221552	7.0	3.0	80.0	-38.7645	32320200.0	975.0	21.0	1032.0	51.0	1109.0	7.0	127.0	0.0	1	vertical3	1
65.324023	7.001	3.0	80.0	-38.5649	30693700.0	975.195	35.0	1002.0	36.0	1156.0	6.0	191.0	0.0	1	vertical3	1
65.424052	7.0	3.0	80.0	-38.9318	38632200.0	975.0	0.0	1232.0	0.0	1233.0	3.0	4097.0	0.0	1	vertical3	1
65.524463	7.0	3.0	80.0	-38.8171	30353500.0	975.0	38.0	973.0	42.0	1149.0	5.0	219.0	0.0	1	vertical3	1
65.624681	7.0	3.0	80.0	-38.8035	35498700.0	975.0	0.0	1135.0	21.0	1161.0	7.0	47.0	0.0	1	vertical3	1
65.726296	7.0	3.0	80.0	-38.7995	33863500.0	975.0	25.0	1097.0	15.0	1260.0	4.0	41.0	0.0	1	vertical3	1
65.827158	7.0	3.0	80.0	-38.9436	30902500.0	975.0	34.0	993.0	53.0	1102.0	6.0	300.0	0.0	1	vertical3	1
65.928135	7.0	3.0	80.0	-38.7448	37226000.0	975.0	0.0	1199.0	3.0	1203.0	4.0	7.0	0.0	1	vertical3	1
66.028662	7.0	3.0	80.0	-38.782	37317000.0	975.0	0.0	1197.0	0.0	1199.0	2.0	2.0	0.0	1	vertical3	1
66.129626	7.0	3.0	80.0	-38.761	38102900.0	975.0	1.0	1226.0	28.0	1237.0	8.0	40.0	0.0	1	vertical3	1
66.230420	7.00171	3.0	80.0	-38.6935	18200900.0	975.334	61.0	584.0	33.0	1055.0	7.0	4600.0	0.0	1	vertical3	1
66.331001	7.0	3.0	80.0	-38.7262	32444900.0	975.0	43.0	1041.0	15.0	1153.0	3.0	127.0	0.0	1	vertical3	1
66.431191	7.0	3.0	80.0	-38.7753	38696100.0	975.0	0.0	1237.0	21.0	1225.0	9.0	4123.0	0.0	1	vertical3	1
66.531765	7.0	3.0	80.0	-38.8242	39377700.0	975.0	0.0	1263.0	25.0	1284.0	3.0	29.0	0.0	1	vertical3	1
66.632215	7.0	3.0	80.0	-38.7161	37310700.0	975.0	2.0	1194.0	5.0	1194.0	3.0	5.0	0.0	1	vertical3	1
66.732220	7.0	3.0	80.0	-37.8196	37051800.0	975.0	22.0	1181.0	42.0	1151.0	2.0	28.0	0.0	1	vertical3	1
66.833456	7.0	3.0	80.0	-37.9564	35560100.0	975.0	15.0	1147.0	15.0	1172.0	2.0	25.0	0.0	1	vertical3	1
66.937383	7.00407	3.0	80.0	-37.8758	14821800.0	975.794	106.0	491.0	35.0	1044.0	4.0	4314.0	0.0	1	vertical3	1
67.038709	7.0	3.0	80.0	-37.9151	33883400.0	975.0	11.0	1095.0	19.0	1150.0	4.0	444.0	0.0	1	vertical3	1
67.139140	7.0	3.0	80.0	-37.937	36190500.0	975.0	11.0	1159.0	42.0	1146.0	4.0	30.0	0.0	1	vertical3	1
67.240133	7.0	3.0	80.0	-37.9745	34118800.0	975.0	8.0	1098.0	3.0	1188.0	2.0	8.0	0.0	1	vertical3	1
67.340133	7.0	3.0	80.0	-37.9904	36046800.0	975.0	3.0	1149.0	64.0	1160.0	10.0	160.0	0.0	1	vertical3	1
67.440323	7.0	3.0	80.0	-37.9315	34753000.0	975.0	11.0	1109.0	28.0	1129.0	9.0	48.0	0.0	1	vertical3	1
67.542721	7.0	3.0	80.0	-37.8946	30486500.0	975.0	56.0	996.0	59.0	1130.0	6.0	194.0	0.0	1	vertical3	1
67.643254	7.0	3.0	80.0	-37.8609	38125000.0	975.0	8.0	1222.0	26.0	1214.0	5.0	18.0	0.0	1	vertical3	1
67.743264	7.0	3.0	80.0	-37.8892	39347300.0	975.0	1.0	1254.0	33.0	1241.0	3.0	37.0	0.0	1	vertical3	1
67.846044	7.0	3.0	80.0	-37.9742	26070600.0	975.0	41.0	854.0	45.0	1122.0	3.0	29.0	0.0	1	vertical3	1
67.946349	7.0	3.0	80.0	-37.7719	25365100.0	975.0	50.0	811.0	20.0	1136.0	7.0	613.0	0.0	1	vertical3	1
68.046455	7.0	3.0	80.0	-37.9613	37203900.0	975.0	11.0	1188.0	68.0	1214.0	5.0	4123.0	0.0	1	vertical3	1
68.147841	7.0	3.0	80.0	-37.8739	20624700.0	975.0	54.0	666.0	48.0	1083.0	3.0	532.0	0.0	1	vertical3	1
68.248759	7.0	3.0	80.0	-37.8827	35251400.0	975.0	9.0	1134.0	21.0	1150.0	3.0	37.0	0.0	1	vertical3	1
68.348962	7.0	3.0	80.0	-37.864	35189700.0	975.0	0.0	1125.0	24.0	1128.0	5.0	28.0	0.0	1	vertical3	1
68.449798	7.0	3.0	80.0	-37.8938	32754100.0	975.0	18.0	1055.0	12.0	1159.0	3.0	116.0	0.0	1	vertical3	1
68.550547	7.00175	3.0	80.0	-37.9668	17804000.0	975.341	48.0	572.0	44.0	1037.0	4.0	526.0	0.0	1	vertical3	1
68.652834	7.0	3.0	80.0	-37.8467	28410800.0	975.0	31.0	926.0	77.0	1213.0	5.0	55.0	0.0	1	vertical3	1
68.753135	7.00293	3.0	80.0	-37.9428	21349700.0	975.572	59.0	682.0	18.0	1172.0	6.0	715.0	0.0	1	vertical3	1
68.853958	7.0	3.0	80.0	-37.6873	24627100.0	975.0	56.0	793.0	37.0	1156.0	4.0	486.0	0.0	1	vertical3	1
68.955079	7.0	3.0	80.0	-38.0109	39738800.0	975.0	2.0	1280.0	3.0	1280.0	1.0	4.0	0.0	1	vertical3	1
69.055194	7.0055	3.0	80.0	-37.8385	17068100.0	976.073	70.0	545.0	38.0	1086.0	8.0	579.0	0.0	1	vertical3	1
69.160247	7.0	3.0	80.0	-37.8575	34582500.0	975.0	30.0	1158.0	64.0	1169.0	3.0	75.0	0.0	1	vertical3	1
69.261760	7.0	3.0	80.0	-37.8309	36393100.0	975.0	4.0	1177.0	2.0	1286.0	1.0	3.0	0.0	1	vertical3	1
69.361760	7.0	3.0	80.0	-37.8397	36000000.0	975.0	22.0	1148.0	50.0	1156.0	6.0	181.0	0.0	1	vertical3	1
69.464366	7.0	3.0	80.0	-37.6943	35407900.0	975.0	6.0	1158.0	7.0	1169.0	2.0	3.0	0.0	1	vertical3	1
69.564373	7.0	3.0	80.0	-37.8541	30696500.0	975.0	54.0	980.0	54.0	1069.0	5.0	145.0	0.0	1	vertical3	1
69.664557	7.0	3.0	80.0	-37.903	37065500.0	975.0	4.0	1185.0	43.0	1170.0	10.0	4143.0	0.0	1	vertical3	1
69.764562	7.0	3.0	80.0	-37.8998	35115800.0	975.0	8.0	1118.0	45.0	1108.0	4.0	27.0	0.0	1	vertical3	1
69.866450	7.0	3.0	80.0	-37.9567	35503900.0	975.0	25.0	1154.0	0.0	1190.0	4.0	7.0	0.0	1	vertical3	1
69.967384	7.0	3.0	80.0	-37.9007	36648000.0	975.0	18.0	1178.0	60.0	1175.0	3.0	75.0	0.0	1	vertical3	1
70.067446	7.0	3.0	80.0	-37.8989	38148000.0	975.0	0.0	1217.0	22.0	1200.0	2.0	6.0	0.0	1	vertical3	1
70.168297	7.0	3.0	80.0	-37.9164	34588500.0	975.0	30.0	1112.0	75.0	1194.0	11.0	126.0	0.0	1	vertical3	1
70.268445	7.0	3.0	80.0	-37.6984	34863500.0	975.0	0.0	1114.0	57.0	1109.0	6.0	83.0	0.0	1	vertical3	1
70.368670	7.0	3.0	80.0	-37.8332	29624500.0	975.0	62.0	947.0	48.0	1143.0	4.0	245.0	0.0	1	vertical3	1
70.468920	7.0	3.0	80.0	-37.9081	36021400.0	975.0	0.0	1153.0	47.0	1135.0	5.0	29.0	0.0	1	vertical3	1
70.570446	7.0026	3.0	80.0	-37.9245	11840900.0	975.508	87.0	384.0	1.0	1008.0	1.0	290.0	0.0	1	vertical3	1
70.670725	7.0	3.0	80.0	-37.8769	37312900.0	975.0	1.0	1194.0	18.0	1184.0	6.0	343.0	0.0	1	vertical3	1
70.771099	7.0	3.0	80.0	-37.8586	36900600.0	975.0	24.0	1181.0	85.0	1144.0	8.0	4145.0	0.0	1	vertical3	1
70.871867	7.0	3.0	80.0	-37.8976	38895500.0	975.0	3.0	1250.0	3.0	1251.0	3.0	4100.0	0.0	1	vertical3	1
70.971869	7.0	3.0	80.0	-37.8169	35306400.0	975.0	30.0	1125.0	77.0	1146.0	7.0	118.0	0.0	1	vertical3	1
71.072345	7.0	3.0	80.0	-37.7601	35672400.0	975.0	18.0	1142.0	56.0	1166.0	4.0	60.0	0.0	1	vertical3	1
71.172363	7.0	3.0	80.0	-37.7354	27829600.0	975.0	20.0	888.0	48.0	1089.0	5.0	253.0	0.0	1	vertical3	1
71.272974	7.0	3.0	80.0	-37.8048	36422300.0	975.0	0.0	1168.0	11.0	1175.0	7.0	4111.0	0.0	1	vertical3	1
71.373595	7.0	3.0	80.0	-37.9042	32869300.0	975.0	57.0	1054.0	48.0	1217.0	6.0	166.0	0.0	1	vertical3	1
71.473656	7.0	3.0	80.0	-37.9538	31858600.0	975.0	17.0	1017.0	58.0	1020.0	14.0	4219.0	0.0	1	vertical3	1
71.574476	7.00114	3.0	80.0	-37.8513	27171300.0	975.223	50.0	874.0	57.0	1153.0	7.0	320.0	0.0	1	vertical3	1
71.675729	7.0	3.0	80.0	-37.9026	37558700.0	975.0	1.0	1212.0	58.0	1172.0	5.0	18.0	0.0	1	vertical3	1
71.777280	7.0	3.0	80.0	-37.9646	37602700.0	975.0	18.0	1216.0	45.0	1194.0	3.0	23.0	0.0	1	vertical3	1
71.878154	7.0	3.0	80.0	-37.8926	34752100.0	975.0	3.0	1117.0	48.0	1122.0	6.0	54.0	0.0	1	vertical3	1
71.979603	7.0	3.0	80.0	-37.9666	35160700.0	975.0	9.0	1138.0	66.0	1132.0	10.0	60.0	0.0	1	vertical3	1
72.081141	7.0	3.0	80.0	-37.9641	37034700.0	975.0	19.0	1198.0	27.0	1177.0	3.0	6.0	0.0	1	vertical3	1
72.181722	7.0	3.0	80.0	-37.9983	35995500.0	975.0	3.0	1154.0	3.0	1170.0	8.0	20.0	0.0	1	vertical3	1
72.281765	7.0	3.0	80.0	-37.9784	31989400.0	975.0	38.0	1020.0	51.0	1109.0	5.0	140.0	0.0	1	vertical3	1
72.383053	7.0	3.0	80.0	-37.8575	36303300.0	975.0	0.0	1172.0	21.0	1187.0	8.0	8228.0	0.0	1	vertical3	1
72.483606	7.0	3.0	80.0	-37.9492	34974300.0	975.0	8.0	1123.0	26.0	1177.0	7.0	80.0	0.0	1	vertical3	1
72.584209	7.00085	3.0	80.0	-37.9483	36738700.0	975.165	3.0	1179.0	15.0	1201.0	4.0	2163.0	0.0	1	vertical3	1
72.684517	7.0	3.0	80.0	-37.6383	14383100.0	975.0	81.0	459.0	44.0	1075.0	5.0	2631.0	0.0	1	vertical3	1
72.785589	7.0	3.0	80.0	-37.9261	36101600.0	975.0	3.0	1164.0	3.0	1161.0	0.0	0.0	0.0	1	vertical3	1
72.886432	7.00111	3.0	80.0	-37.7794	28038300.0	975.216	65.0	902.0	70.0	1083.0	7.0	252.0	0.0	1	vertical3	1
72.986441	7.0	3.0	80.0	-37.8237	25990300.0	975.0	47.0	828.0	93.0	1081.0	9.0	366.0	0.0	1	vertical3	1
73.087168	7.0	3.0	80.0	-37.9522	34552600.0	975.0	8.0	1109.0	54.0	1152.0	10.0	77.0	0.0	1	vertical3	1
73.187170	7.0	3.0	80.0	-37.8091	33874700.0	975.0	10.0	1079.0	72.0	1083.0	5.0	95.0	0.0	1	vertical3	1
73.288565	7.0	3.0	80.0	-37.929	36126300.0	975.0	0.0	1169.0	66.0	1168.0	4.0	47.0	0.0	1	vertical3	1
73.388569	7.0	3.0	80.0	-37.9101	36251700.0	975.0	17.0	1157.0	49.0	1183.0	4.0	77.0	0.0	1	vertical3	1
73.488572	7.0	3.0	80.0	-37.9079	36124200.0	975.0	4.0	1151.0	37.0	1162.0	7.0	46.0	0.0	1	vertical3	1
73.589940	7.00112	3.0	80.0	-37.8255	27645200.0	975.218	55.0	894.0	21.0	1071.0	4.0	199.0	0.0	1	vertical3	1
73.690306	7.0	3.0	80.0	-37.8033	36401300.0	975.0	2.0	1164.0	2.0	1167.0	1.0	4.0	0.0	1	vertical3	1
73.790379	7.0	3.0	80.0	-37.9195	36602900.0	975.0	1.0	1168.0	3.0	1171.0	2.0	7.0	0.0	1	vertical3	1
73.890959	7.0	3.0	80.0	-37.8248	30974300.0	975.0	30.0	993.0	25.0	1160.0	13.0	8384.0	0.0	1	vertical3	1
73.990968	7.0	3.0	80.0	-37.9458	38183200.0	975.0	28.0	1217.0	55.0	1168.0	4.0	7.0	0.0	1	vertical3	1
74.091274	7.0	3.0	80.0	-37.8432	37897800.0	975.0	15.0	1212.0	38.0	1177.0	1.0	2.0	0.0	1	vertical3	1
74.191677	7.0	3.0	80.0	-38.007	35761300.0	975.0	2.0	1144.0	26.0	1170.0	8.0	53.0	0.0	1	vertical3	1
74.292647	7.0	3.0	80.0	-37.8987	37992100.0	975.0	0.0	1224.0	4.0	1224.0	2.0	5.0	0.0	1	vertical3	1
74.392855	7.0	3.0	80.0	-37.7949	36758200.0	975.0	3.0	1175.0	55.0	1188.0	9.0	68.0	0.0	1	vertical3	1
74.492995	7.0	3.0	80.0	-37.9517	29853500.0	975.0	24.0	953.0	76.0	1065.0	9.0	4284.0	0.0	1	vertical3	1
74.593269	7.0	3.0	80.0	-38.0118	34459300.0	975.0	0.0	1103.0	21.0	1106.0	6.0	4120.0	0.0	1	vertical3	1
74.693297	7.0	3.0	80.0	-37.7066	35627300.0	975.0	13.0	1135.0	60.0	1133.0	4.0	75.0	0.0	1	vertical3	1
74.793393	7.0	3.0	80.0	-37.8	36388900.0	975.0	11.0	1160.0	33.0	1237.0	18.0	4190.0	0.0	1	vertical3	1
74.894350	7.0	3.0	80.0	-37.9149	25201300.0	975.0	43.0	811.0	54.0	1131.0	5.0	184.0	0.0	1	vertical3	1
74.994856	7.00288	3.0	80.0	-37.9164	10863700.0	975.562	86.0	347.0	44.0	984.0	1.0	403.0	0.0	1	vertical3	1
75.094857	7.0	3.0	80.0	-37.9276	33797500.0	975.0	7.0	1078.0	36.0	1082.0	11.0	510.0	0.0	1	vertical3	1
75.196692	7.00708	3.0	80.0	-37.8019	13056000.0	976.38	88.0	424.0	7.0	1101.0	12.0	4652.0	0.0	1	vertical3	1
75.297054	7.0	3.0	80.0	-38.0105	26824800.0	975.0	51.0	859.0	45.0	1096.0	7.0	4505.0	0.0	1	vertical3	1
75.397070	7.0	3.0	80.0	-37.987	38620200.0	975.0	8.0	1230.0	9.0	1233.0	7.0	4124.0	0.0	1	vertical3	1
75.497788	7.00243	3.0	80.0	-37.8641	12810900.0	975.473	82.0	412.0	13.0	1133.0	2.0	286.0	0.0	1	vertical3	1
75.599713	7.00287	3.0	80.0	-37.8649	21441700.0	975.56	81.0	696.0	58.0	949.0	16.0	4840.0	0.0	1	vertical3	1
75.699723	7.0	3.0	80.0	-37.8438	35570800.0	975.0	6.0	1133.0	40.0	1121.0	5.0	44.0	0.0	1	vertical3	1
75.800299	7.0	3.0	80.0	-37.795	30145600.0	975.0	39.0	966.0	33.0	1197.0	6.0	4345.0	0.0	1	vertical3	1
75.901018	7.0	3.0	80.0	-37.8723	37070700.0	975.0	3.0	1190.0	40.0	1192.0	5.0	42.0	0.0	1	vertical3	1
76.002602	7.0	3.0	80.0	-37.9014	37621800.0	975.0	1.0	1217.0	44.0	1199.0	3.0	26.0	0.0	1	vertical3	1
76.103598	7.0	3.0	80.0	-38.0145	36345800.0	975.0	0.0	1170.0	21.0	1172.0	5.0	4119.0	0.0	1	vertical3	1
76.203835	7.0	3.0	80.0	-37.9368	36606600.0	975.0	0.0	1171.0	4.0	1177.0	6.0	11.0	0.0	1	vertical3	1
76.305262	7.0	3.0	80.0	-37.8421	36767400.0	975.0	15.0	1191.0	47.0	1179.0	4.0	34.0	0.0	1	vertical3	1
76.407107	7.0	3.0	80.0	-37.8104	36877200.0	975.0	2.0	1197.0	82.0	1193.0	6.0	79.0	0.0	1	vertical3	1
76.507108	7.0	3.0	80.0	-38.1185	36550100.0	975.0	0.0	1165.0	57.0	1147.0	6.0	60.0	0.0	1	vertical3	1
76.607403	7.0	3.0	80.0	-37.9351	37572300.0	975.0	1.0	1201.0	1.0	1220.0	0.0	0.0	0.0	1	vertical3	1
76.707410	7.0	3.0	80.0	-37.898	37209000.0	975.0	28.0	1186.0	33.0	1154.0	2.0	8.0	0.0	1	vertical3	1
76.808594	7.0	3.0	80.0	-37.7756	37584700.0	975.0	5.0	1212.0	5.0	1216.0	3.0	3.0	0.0	1	vertical3	1
76.908600	7.0	3.0	80.0	-37.9022	36594800.0	975.0	6.0	1166.0	30.0	1188.0	7.0	54.0	0.0	1	vertical3	1
77.009209	7.0	3.0	80.0	-37.9619	36001400.0	975.0	6.0	1155.0	19.0	1158.0	6.0	20.0	0.0	1	vertical3	1
77.110492	7.0	3.0	80.0	-37.9575	37144600.0	975.0	0.0	1200.0	0.0	1201.0	1.0	1.0	0.0	1	vertical3	1
77.210495	7.0	3.0	80.0	-37.8561	37918600.0	975.0	16.0	1209.0	37.0	1173.0	5.0	11.0	0.0	1	vertical3	1
77.310600	7.0	3.0	80.0	-37.7826	36293100.0	975.0	0.0	1159.0	25.0	1175.0	5.0	32.0	0.0	1	vertical3	1
77.411164	7.0	3.0	80.0	-37.8391	39365500.0	975.0	2.0	1262.0	4.0	1264.0	2.0	6.0	0.0	1	vertical3	1
77.512566	7.00139	3.0	80.0	-37.9735	22219700.0	975.272	54.0	718.0	53.0	1059.0	3.0	50.0	0.0	1	vertical3	1
77.613082	7.00122	3.0	80.0	-37.9622	25578000.0	975.238	49.0	820.0	38.0	1082.0	15.0	645.0	0.0	1	vertical3	1
77.713333	7.0	3.0	80.0	-38.0035	35517700.0	975.0	5.0	1135.0	26.0	1148.0	8.0	39.0	0.0	1	vertical3	1
77.813473	7.0	3.0	80.0	-37.9791	37473500.0	975.0	16.0	1196.0	44.0	1178.0	2.0	25.0	0.0	1	vertical3	1
77.914787	7.0	3.0	80.0	-37.8568	36992300.0	975.0	8.0	1194.0	31.0	1187.0	3.0	26.0	0.0	1	vertical3	1
78.015560	7.0	3.0	80.0	-37.908	37582000.0	975.0	9.0	1207.0	31.0	1202.0	3.0	26.0	0.0	1	vertical3	1
78.115847	7.0	3.0	80.0	-37.8357	36774800.0	975.0	10.0	1175.0	12.0	1167.0	1.0	4.0	0.0	1	vertical3	1
78.215949	7.0	3.0	80.0	-37.8906	27775100.0	975.0	35.0	887.0	16.0	1085.0	5.0	214.0	0.0	1	vertical3	1
78.318415	7.0	3.0	80.0	-38.0129	23785300.0	975.0	93.0	776.0	37.0	1060.0	6.0	8514.0	0.0	1	vertical3	1
78.419613	7.0	3.0	80.0	-37.8318	37065500.0	975.0	8.0	1195.0	54.0	1191.0	5.0	51.0	0.0	1	vertical3	1
78.520051	7.0	3.0	80.0	-38.0677	19362800.0	975.0	84.0	620.0	34.0	1090.0	2.0	502.0	0.0	1	vertical3	1
78.620126	7.0	3.0	80.0	-37.6365	32969200.0	975.0	53.0	1051.0	59.0	1151.0	7.0	178.0	0.0	1	vertical3	1
78.720456	7.0	3.0	80.0	-37.9426	35960600.0	975.0	0.0	1150.0	25.0	1171.0	5.0	29.0	0.0	1	vertical3	1
78.820628	7.0	3.0	80.0	-37.9419	36157900.0	975.0	29.0	1154.0	21.0	1167.0	5.0	54.0	0.0	1	vertical3	1
78.921757	7.0	3.0	80.0	-37.9566	35769200.0	975.0	13.0	1153.0	23.0	1196.0	7.0	46.0	0.0	1	vertical3	1
79.022601	7.0	3.0	80.0	-37.918	13262600.0	975.0	90.0	427.0	42.0	1048.0	5.0	664.0	0.0	1	vertical3	1
79.122638	7.00147	3.0	80.0	-38.0103	21406000.0	975.286	79.0	682.0	31.0	1033.0	6.0	4494.0	0.0	1	vertical3	1
79.223697	7.0	3.0	80.0	-37.8426	37288500.0	975.0	1.0	1201.0	13.0	1223.0	6.0	19.0	0.0	1	vertical3	1
79.324862	7.0	3.0	80.0	-37.9938	34949300.0	975.0	5.0	1129.0	26.0	1128.0	2.0	26.0	0.0	1	vertical3	1
79.424944	7.0	3.0	80.0	-37.9395	29037100.0	975.0	33.0	926.0	16.0	1220.0	4.0	150.0	0.0	1	vertical3	1
79.526048	7.01463	3.0	80.0	-38.0341	6365110.0	977.537	92.0	205.0	18.0	1037.0	3.0	5106.0	0.0	1	vertical3	1
79.626125	7.0	3.0	80.0	-37.8402	35107400.0	975.0	1.0	1120.0	32.0	1127.0	8.0	39.0	0.0	1	vertical3	1
79.726877	7.0	3.0	80.0	-37.8737	30328100.0	975.0	26.0	974.0	16.0	1124.0	9.0	167.0	0.0	1	vertical3	1
79.827136	7.0	3.0	80.0	-37.7702	32140000.0	975.0	24.0	1027.0	4.0	1221.0	8.0	8.0	0.0	1	vertical3	1
79.927146	7.0	3.0	80.0	-37.8661	33982100.0	975.0	33.0	1083.0	44.0	1167.0	6.0	319.0	0.0	1	vertical3	1
80.027907	7.0	3.0	80.0	-37.9325	38680900.0	975.0	16.0	1244.0	22.0	1227.0	2.0	5.0	0.0	1	vertical3	1
80.128275	7.0	3.0	80.0	-37.8611	37152900.0	975.0	4.0	1188.0	46.0	1164.0	2.0	22.0	0.0	1	vertical3	1
80.228792	7.0	3.0	80.0	-37.8861	34485000.0	975.0	2.0	1106.0	86.0	1116.0	10.0	4192.0	0.0	1	vertical3	1
80.329514	7.0	3.0	80.0	-37.9644	35054400.0	975.0	2.0	1125.0	15.0	1128.0	7.0	4114.0	0.0	1	vertical3	1
80.429521	7.0	3.0	80.0	-37.9132	38672400.0	975.0	3.0	1233.0	25.0	1218.0	4.0	10.0	0.0	1	vertical3	1
80.530332	7.0	3.0	80.0	-37.9517	36054200.0	975.0	5.0	1159.0	37.0	1174.0	3.0	53.0	0.0	1	vertical3	1
80.631541	7.0	3.0	80.0	-37.8821	36828200.0	975.0	5.0	1187.0	6.0	1210.0	6.0	29.0	0.0	1	vertical3	1
80.731624	7.0	3.0	80.0	-37.8826	36299900.0	975.0	1.0	1158.0	107.0	1110.0	6.0	59.0	0.0	1	vertical3	1
80.832811	7.0	3.0	80.0	-37.8964	37412800.0	975.0	2.0	1207.0	6.0	1212.0	6.0	12.0	0.0	1	vertical3	1
80.933476	7.0	3.0	80.0	-37.8486	36825400.0	975.0	4.0	1182.0	99.0	1108.0	2.0	42.0	0.0	1	vertical3	1
81.033556	7.0	3.0	80.0	-37.9528	36537200.0	975.0	2.0	1166.0	48.0	1201.0	16.0	66.0	0.0	1	vertical3	1
81.134962	7.0	3.0	80.0	-37.8992	36865800.0	975.0	1.0	1191.0	1.0	1211.0	6.0	4118.0	0.0	1	vertical3	1
81.235664	7.0	3.0	80.0	-37.8327	33702300.0	975.0	25.0	1082.0	45.0	1157.0	4.0	119.0	0.0	1	vertical3	1
81.335746	7.0	3.0	80.0	-37.8462	37321900.0	975.0	1.0	1190.0	26.0	1188.0	2.0	25.0	0.0	1	vertical3	1
81.436592	7.0	3.0	80.0	-37.8268	36649600.0	975.0	8.0	1178.0	49.0	1177.0	9.0	49.0	0.0	1	vertical3	1
81.538326	7.00118	3.0	80.0	-37.7998	26044100.0	975.231	50.0	844.0	116.0	1095.0	6.0	361.0	0.0	1	vertical3	1
81.638900	7.0	3.0	80.0	-37.9292	33102700.0	975.0	23.0	1060.0	57.0	1114.0	6.0	117.0	0.0	1	vertical3	1
81.738975	7.0	3.0	80.0	-37.8549	38237000.0	975.0	0.0	1220.0	3.0	1222.0	3.0	4100.0	0.0	1	vertical3	1
81.839090	7.0	3.0	80.0	-37.8887	36350800.0	975.0	10.0	1159.0	116.0	1101.0	6.0	60.0	0.0	1	vertical3	1
81.939509	7.0	3.0	80.0	-37.9582	36647900.0	975.0	2.0	1172.0	2.0	1175.0	0.0	0.0	0.0	1	vertical3	1
82.039578	7.0	3.0	80.0	-38.0329	35251600.0	975.0	3.0	1124.0	29.0	1103.0	4.0	13.0	0.0	1	vertical3	1
82.139581	7.0	3.0	80.0	-38.0857	39161700.0	975.0	22.0	1249.0	30.0	1201.0	1.0	1.0	0.0	1	vertical3	1
82.239663	7.0	3.0	80.0	-37.9248	35829200.0	975.0	1.0	1143.0	34.0	1146.0	3.0	19.0	0.0	1	vertical3	1
82.339671	7.0	3.0	80.0	-37.9396	27028700.0	975.0	52.0	861.0	18.0	1088.0	3.0	259.0	0.0	1	vertical3	1
82.440551	7.0	3.0	80.0	-37.8299	36731500.0	975.0	0.0	1182.0	6.0	1199.0	7.0	4105.0	0.0	1	vertical3	1
82.542856	7.0	3.0	80.0	-37.9556	37265800.0	975.0	8.0	1216.0	11.0	1214.0	3.0	9.0	0.0	1	vertical3	1
82.644356	7.0	3.0	80.0	-37.8665	36816400.0	975.0	1.0	1191.0	37.0	1199.0	6.0	46.0	0.0	1	vertical3	1
82.744357	7.0	3.0	80.0	-38.0242	36220100.0	975.0	0.0	1155.0	13.0	1153.0	4.0	15.0	0.0	1	vertical3	1
82.844526	7.0	3.0	80.0	-37.9782	30205500.0	975.0	42.0	964.0	31.0	1150.0	8.0	213.0	0.0	1	vertical3	1
82.945051	7.0	3.0	80.0	-37.881	32494300.0	975.0	19.0	1042.0	44.0	1187.0	9.0	61.0	0.0	1	vertical3	1
83.046247	7.0	3.0	80.0	-37.8634	36538500.0	975.0	1.0	1179.0	80.0	1178.0	8.0	4304.0	0.0	1	vertical3	1
83.146395	7.0	3.0	80.0	-37.9705	36088900.0	975.0	24.0	1153.0	52.0	1131.0	10.0	4126.0	0.0	1	vertical3	1
83.246452	7.0	3.0	80.0	-37.8754	36750000.0	975.0	13.0	1172.0	28.0	1151.0	3.0	8.0	0.0	1	vertical3	1
83.347576	7.0	3.0	80.0	-38.032	35802700.0	975.0	10.0	1155.0	30.0	1156.0	3.0	26.0	0.0	1	vertical3	1
83.448408	7.0	3.0	80.0	-37.8866	40056200.0	975.0	11.0	1287.0	36.0	1255.0	6.0	9.0	0.0	1	vertical3	1
83.548750	7.0	3.0	80.0	-38.0409	35202400.0	975.0	2.0	1125.0	42.0	1152.0	14.0	4165.0	0.0	1	vertical3	1
83.649742	7.0	3.0	80.0	-37.9727	36440600.0	975.0	0.0	1173.0	38.0	1177.0	8.0	43.0	0.0	1	vertical3	1
83.750115	7.00114	3.0	80.0	-37.8314	27448200.0	975.222	38.0	878.0	3.0	1204.0	5.0	276.0	0.0	1	vertical3	1
83.851155	7.0	3.0	80.0	-37.9367	22534000.0	975.0	61.0	727.0	11.0	1077.0	7.0	414.0	0.0	1	vertical3	1
83.952632	7.0	3.0	80.0	-37.9607	36979600.0	975.0	6.0	1196.0	17.0	1195.0	4.0	17.0	0.0	1	vertical3	1
84.053033	7.0	3.0	80.0	-38.0213	32235500.0	975.0	30.0	1031.0	13.0	1126.0	7.0	108.0	0.0	1	vertical3	1
84.153357	7.00105	3.0	80.0	-37.7758	29689400.0	975.205	21.0	950.0	14.0	1197.0	3.0	193.0	0.0	1	vertical3	1
84.253360	7.0	3.0	80.0	-37.9385	27030700.0	975.0	41.0	862.0	33.0	1077.0	7.0	327.0	0.0	1	vertical3	1
84.353510	7.0	3.0	80.0	-37.9287	18020100.0	975.0	48.0	575.0	23.0	1129.0	1.0	21.0	0.0	1	vertical3	1
84.453762	7.0	3.0	80.0	-37.7613	24876600.0	975.0	63.0	796.0	81.0	1090.0	5.0	921.0	0.0	1	vertical3	1
84.553843	7.0	3.0	80.0	-37.9579	40214500.0	975.0	0.0	1282.0	0.0	1278.0	11.0	4108.0	0.0	1	vertical3	1
84.654929	7.0	3.0	80.0	-37.9991	34602600.0	975.0	0.0	1116.0	44.0	1151.0	15.0	4160.0	0.0	1	vertical3	1
84.755366	7.0	3.0	80.0	-37.85	37849800.0	975.0	0.0	1213.0	32.0	1223.0	14.0	12330.0	0.0	1	vertical3	1
84.856657	7.0	3.0	80.0	-37.7811	36738600.0	975.0	11.0	1188.0	36.0	1204.0	8.0	4148.0	0.0	1	vertical3	1
84.959733	7.0	3.0	80.0	-37.952	30453400.0	975.0	37.0	1001.0	43.0	1174.0	6.0	216.0	0.0	1	vertical3	1
85.061095	7.0	3.0	80.0	-37.8744	36215000.0	975.0	14.0	1170.0	62.0	1141.0	5.0	50.0	0.0	1	vertical3	1
85.161381	7.0019	3.0	80.0	-37.9219	16426900.0	975.371	44.0	525.0	8.0	1069.0	3.0	11.0	0.0	1	vertical3	1
85.262784	7.0	3.0	80.0	-37.9078	19086100.0	975.0	57.0	618.0	48.0	1106.0	2.0	1061.0	0.0	1	vertical3	1
85.363805	7.0	3.0	80.0	-37.8061	27677600.0	975.0	52.0	892.0	26.0	1128.0	4.0	4359.0	0.0	1	vertical3	1
85.465080	7.0	3.0	80.0	-37.8317	34815700.0	975.0	28.0	1123.0	38.0	1150.0	6.0	64.0	0.0	1	vertical3	1
85.565971	7.0	3.0	80.0	-37.9237	37927200.0	975.0	7.0	1219.0	28.0	1218.0	7.0	28.0	0.0	1	vertical3	1
85.666207	7.0	3.0	80.0	-37.8663	37453400.0	975.0	0.0	1197.0	12.0	1237.0	11.0	4148.0	0.0	1	vertical3	1
85.767559	7.0	3.0	80.0	-37.8698	37786500.0	975.0	1.0	1221.0	23.0	1224.0	7.0	27.0	0.0	1	vertical3	1
85.867965	7.0	3.0	80.0	-37.8361	37359100.0	975.0	11.0	1196.0	60.0	1192.0	9.0	56.0	0.0	1	vertical3	1
85.970800	7.0	3.0	80.0	-37.8625	35527300.0	975.0	3.0	1164.0	3.0	1173.0	8.0	4108.0	0.0	1	vertical3	1
86.071179	7.0	3.0	80.0	-37.8998	36728600.0	975.0	0.0	1178.0	13.0	1180.0	5.0	16.0	0.0	1	vertical3	1
86.171182	7.0	3.0	80.0	-37.8254	38483900.0	975.0	4.0	1226.0	14.0	1211.0	4.0	13.0	0.0	1	vertical3	1
86.271856	7.0	3.0	80.0	-37.7989	34540100.0	975.0	28.0	1109.0	35.0	1179.0	11.0	108.0	0.0	1	vertical3	1
86.373191	7.0	3.0	80.0	-37.9371	34905100.0	975.0	5.0	1128.0	33.0	1144.0	12.0	8224.0	0.0	1	vertical3	1
86.473224	7.0	3.0	80.0	-37.8697	37340200.0	975.0	4.0	1190.0	5.0	1196.0	9.0	12.0	0.0	1	vertical3	1
86.573821	7.0	3.0	80.0	-37.9581	35708600.0	975.0	0.0	1146.0	21.0	1134.0	6.0	26.0	0.0	1	vertical3	1
86.674309	7.00087	3.0	80.0	-37.7708	35874800.0	975.169	7.0	1152.0	34.0	1181.0	17.0	8238.0	0.0	1	vertical3	1
86.774954	7.0	3.0	80.0	-37.847	36457300.0	975.0	17.0	1170.0	12.0	1194.0	3.0	37.0	0.0	1	vertical3	1
86.877350	7.00105	3.0	80.0	-37.9425	29257900.0	975.204	44.0	956.0	58.0	1099.0	11.0	4297.0	0.0	1	vertical3	1
86.977356	7.0	3.0	80.0	-37.8163	36517800.0	975.0	3.0	1165.0	41.0	1158.0	10.0	4137.0	0.0	1	vertical3	1
87.078577	7.0	3.0	80.0	-37.9132	36017000.0	975.0	2.0	1163.0	50.0	1168.0	9.0	8240.0	0.0	1	vertical3	1
87.179209	7.0	3.0	80.0	-37.8479	38729200.0	975.0	0.0	1243.0	3.0	1247.0	7.0	4104.0	0.0	1	vertical3	1
87.279210	7.0	3.0	80.0	-37.9106	36456400.0	975.0	2.0	1163.0	36.0	1149.0	4.0	37.0	0.0	1	vertical3	1
87.379666	7.0	3.0	80.0	-37.8386	36354200.0	975.0	2.0	1165.0	47.0	1154.0	5.0	41.0	0.0	1	vertical3	1
87.480829	7.0	3.0	80.0	-37.7345	36986700.0	975.0	2.0	1194.0	83.0	1192.0	10.0	4158.0	0.0	1	vertical3	1
87.580955	7.0	3.0	80.0	-37.7309	38107100.0	975.0	3.0	1215.0	3.0	1219.0	4.0	7.0	0.0	1	vertical3	1
87.680982	7.0	3.0	80.0	-37.8329	37374200.0	975.0	2.0	1191.0	2.0	1194.0	4.0	4101.0	0.0	1	vertical3	1
87.783399	7.0	3.0	80.0	-37.9429	38622200.0	975.0	18.0	1261.0	50.0	1249.0	5.0	38.0	0.0	1	vertical3	1
87.883408	7.0	3.0	80.0	-37.9602	37096900.0	975.0	4.0	1181.0	26.0	1183.0	7.0	30.0	0.0	1	vertical3	1
87.983421	7.0	3.0	80.0	-37.9411	36750700.0	975.0	8.0	1172.0	33.0	1153.0	3.0	24.0	0.0	1	vertical3	1
88.083485	7.0	3.0	80.0	-37.8441	36795000.0	975.0	2.0	1174.0	2.0	1183.0	2.0	17.0	0.0	1	vertical3	1
88.183654	7.0	3.0	80.0	-37.9418	37164000.0	975.0	17.0	1186.0	19.0	1187.0	1.0	4.0	0.0	1	vertical3	1
88.284189	7.0	3.0	80.0	-37.7081	36872900.0	975.0	0.0	1182.0	3.0	1204.0	15.0	4121.0	0.0	1	vertical3	1
88.385353	7.0	3.0	80.0	-37.8861	38385300.0	975.0	7.0	1238.0	8.0	1238.0	7.0	8.0	0.0	1	vertical3	1
88.485365	7.0	3.0	80.0	-37.881	37756200.0	975.0	5.0	1202.0	27.0	1191.0	2.0	25.0	0.0	1	vertical3	1
88.585525	7.0	3.0	80.0	-37.9408	32251200.0	975.0	0.0	1030.0	36.0	1041.0	6.0	39.0	0.0	1	vertical3	1
88.687396	7.0	3.0	80.0	-37.8538	38089000.0	975.0	3.0	1238.0	14.0	1220.0	3.0	13.0	0.0	1	vertical3	1
88.787732	7.0	3.0	80.0	-37.9783	37463700.0	975.0	8.0	1199.0	27.0	1195.0	2.0	5.0	0.0	1	vertical3	1
88.888477	7.0	3.0	80.0	-37.9022	37607300.0	975.0	1.0	1207.0	63.0	1195.0	9.0	53.0	0.0	1	vertical3	1
88.989348	7.0038	3.0	80.0	-37.8232	16362600.0	975.741	67.0	526.0	18.0	1106.0	4.0	4510.0	0.0	1	vertical3	1
89.089426	7.0	3.0	80.0	-37.8768	26444600.0	975.0	73.0	844.0	47.0	1081.0	5.0	468.0	0.0	1	vertical3	1
89.189785	7.0	3.0	80.0	-37.9255	36076100.0	975.0	4.0	1155.0	55.0	1155.0	7.0	55.0	0.0	1	vertical3	1
89.290307	7.0	3.0	80.0	-37.9908	37314800.0	975.0	11.0	1195.0	13.0	1189.0	5.0	8.0	0.0	1	vertical3	1
89.390313	7.0	3.0	80.0	-37.8696	37996300.0	975.0	0.0	1212.0	24.0	1200.0	7.0	31.0	0.0	1	vertical3	1
89.490821	7.0	3.0	80.0	-37.9098	37666500.0	975.0	25.0	1208.0	70.0	1181.0	4.0	24.0	0.0	1	vertical3	1
89.591313	7.0	3.0	80.0	-37.9841	35355200.0	975.0	9.0	1134.0	34.0	1129.0	5.0	4126.0	0.0	1	vertical3	1
89.693403	7.0	3.0	80.0	-37.8075	35154100.0	975.0	49.0	1143.0	46.0	1144.0	6.0	4143.0	0.0	1	vertical3	1
89.794704	7.0	3.0	80.0	-37.9984	39047100.0	975.0	27.0	1260.0	57.0	1215.0	3.0	12.0	0.0	1	vertical3	1
89.894705	7.0	3.0	80.0	-37.995	37384500.0	975.0	0.0	1192.0	36.0	1177.0	4.0	37.0	0.0	1	vertical3	1
89.994820	7.0	3.0	80.0	-37.9067	37893100.0	975.0	0.0	1211.0	74.0	1174.0	2.0	22.0	0.0	1	vertical3	1
90.097149	7.0	3.0	80.0	-38.1189	35072900.0	975.0	49.0	1144.0	73.0	1089.0	8.0	18.0	0.0	1	vertical3	1
90.198209	7.00088	3.0	80.0	-37.9655	35185700.0	975.172	18.0	1132.0	55.0	1117.0	5.0	39.0	0.0	1	vertical3	1
90.299129	7.0	3.0	80.0	-37.8519	37964100.0	975.0	25.0	1222.0	28.0	1200.0	6.0	8.0	0.0	1	vertical3	1
90.399199	7.0	3.0	80.0	-37.9751	36588100.0	975.0	17.0	1167.0	53.0	1156.0	5.0	41.0	0.0	1	vertical3	1
90.501659	7.0	3.0	80.0	-38.0377	35749400.0	975.0	2.0	1167.0	22.0	1171.0	2.0	22.0	0.0	1	vertical3	1
90.603880	7.00082	3.0	80.0	-37.8704	37419000.0	975.16	1.0	1219.0	80.0	1216.0	8.0	4178.0	0.0	1	vertical3	1
90.704484	7.0	3.0	80.0	-37.937	37128700.0	975.0	0.0	1191.0	0.0	1194.0	1.0	4.0	0.0	1	vertical3	1
90.805411	7.0	3.0	80.0	-37.8091	34969100.0	975.0	17.0	1126.0	22.0	1173.0	3.0	69.0	0.0	1	vertical3	1
90.905420	7.0	3.0	80.0	-37.9128	36673500.0	975.0	1.0	1170.0	57.0	1152.0	13.0	49.0	0.0	1	vertical3	1
91.005426	7.0	3.0	80.0	-37.9306	38436000.0	975.0	10.0	1225.0	20.0	1201.0	5.0	4102.0	0.0	1	vertical3	1
91.105450	7.0	3.0	80.0	-37.9894	38366500.0	975.0	1.0	1223.0	33.0	1244.0	4.0	34.0	0.0	1	vertical3	1
91.206494	7.0	3.0	80.0	-37.921	36172700.0	975.0	1.0	1165.0	44.0	1151.0	5.0	31.0	0.0	1	vertical3	1
91.307379	7.0	3.0	80.0	-37.7789	39847000.0	975.0	4.0	1280.0	36.0	1255.0	1.0	11.0	0.0	1	vertical3	1
91.407380	7.0	3.0	80.0	-38.0268	38626700.0	975.0	30.0	1231.0	56.0	1177.0	5.0	19.0	0.0	1	vertical3	1
91.507825	7.0	3.0	80.0	-37.8664	36232300.0	975.0	20.0	1160.0	24.0	1151.0	9.0	4113.0	0.0	1	vertical3	1
91.608195	7.0	3.0	80.0	-37.8732	36007600.0	975.0	2.0	1151.0	24.0	1168.0	3.0	23.0	0.0	1	vertical3	1
91.708647	7.0	3.0	80.0	-37.9416	36369800.0	975.0	31.0	1164.0	35.0	1133.0	5.0	4101.0	0.0	1	vertical3	1
91.808703	7.0	3.0	80.0	-37.866	36073200.0	975.0	2.0	1149.0	42.0	1189.0	8.0	81.0	0.0	1	vertical3	1
91.908711	7.0	3.0	80.0	-37.8915	37540000.0	975.0	2.0	1198.0	14.0	1178.0	3.0	13.0	0.0	1	vertical3	1
92.008766	7.0	3.0	80.0	-38.1027	35383700.0	975.0	0.0	1130.0	21.0	1133.0	5.0	23.0	0.0	1	vertical3	1
92.109638	7.0	3.0	80.0	-37.7371	35018300.0	975.0	1.0	1126.0	37.0	1165.0	6.0	60.0	0.0	1	vertical3	1
92.209713	7.0	3.0	80.0	-37.9025	36979700.0	975.0	1.0	1180.0	22.0	1201.0	5.0	43.0	0.0	1	vertical3	1
92.309971	7.0	3.0	80.0	-37.9085	35547300.0	975.0	1.0	1137.0	36.0	1149.0	13.0	4144.0	0.0	1	vertical3	1
92.409986	7.0	3.0	80.0	-37.8766	36607900.0	975.0	2.0	1167.0	32.0	1147.0	4.0	14.0	0.0	1	vertical3	1
92.510420	7.0	3.0	80.0	-37.7925	38069200.0	975.0	0.0	1219.0	74.0	1201.0	7.0	4151.0	0.0	1	vertical3	1
92.610858	7.0	3.0	80.0	-38.1294	36423200.0	975.0	12.0	1167.0	38.0	1196.0	8.0	20.0	0.0	1	vertical3	1
92.711579	7.0	3.0	80.0	-37.8427	34273700.0	975.0	1.0	1100.0	61.0	1088.0	6.0	96.0	0.0	1	vertical3	1
92.811827	7.0	3.0	80.0	-37.9983	36774300.0	975.0	2.0	1175.0	26.0	1186.0	10.0	38.0	0.0	1	vertical3	1
92.912723	7.0	3.0	80.0	-37.8262	37021900.0	975.0	11.0	1191.0	32.0	1183.0	4.0	24.0	0.0	1	vertical3	1
93.014103	7.0	3.0	80.0	-37.9405	35323800.0	975.0	18.0	1142.0	41.0	1153.0	4.0	51.0	0.0	1	vertical3	1
93.114513	7.0	3.0	80.0	-37.8175	37781500.0	975.0	11.0	1211.0	107.0	1174.0	6.0	72.0	0.0	1	vertical3	1
93.215601	7.0	3.0	80.0	-38.0148	37821900.0	975.0	13.0	1218.0	35.0	1210.0	5.0	25.0	0.0	1	vertical3	1
93.316256	7.0	3.0	80.0	-37.8303	36517400.0	975.0	0.0	1173.0	4.0	1177.0	6.0	10.0	0.0	1	vertical3	1
93.418850	7.0	3.0	80.0	-37.8268	35061000.0	975.0	0.0	1149.0	27.0	1155.0	6.0	33.0	0.0	1	vertical3	1
93.518920	7.0	3.0	80.0	-37.8309	38003500.0	975.0	3.0	1212.0	9.0	1195.0	4.0	9.0	0.0	1	vertical3	1
93.619478	7.0	3.0	80.0	-37.9515	36661500.0	975.0	32.0	1176.0	55.0	1200.0	5.0	63.0	0.0	1	vertical3	1
93.719484	7.0	3.0	80.0	-37.8149	38829200.0	975.0	4.0	1237.0	4.0	1233.0	4.0	4.0	0.0	1	vertical3	1
93.819640	7.0	3.0	80.0	-37.9165	37137900.0	975.0	5.0	1186.0	15.0	1201.0	7.0	22.0	0.0	1	vertical3	1
93.919849	7.0	3.0	80.0	-37.9285	33240400.0	975.0	3.0	1063.0	29.0	1103.0	12.0	74.0	0.0	1	vertical3	1
94.021638	7.0	3.0	80.0	-37.8381	32583700.0	975.0	32.0	1056.0	60.0	1100.0	13.0	8296.0	0.0	1	vertical3	1
94.121642	7.0	3.0	80.0	-37.9041	38249100.0	975.0	11.0	1220.0	38.0	1201.0	4.0	26.0	0.0	1	vertical3	1
94.222531	7.0	3.0	80.0	-37.9703	35620400.0	975.0	4.0	1145.0	51.0	1106.0	3.0	6.0	0.0	1	vertical3	1
94.322816	7.0	3.0	80.0	-38.0414	35505600.0	975.0	31.0	1135.0	26.0	1133.0	3.0	24.0	0.0	1	vertical3	1
94.422823	7.0	3.0	80.0	-37.8951	37964500.0	975.0	7.0	1211.0	49.0	1155.0	6.0	8.0	0.0	1	vertical3	1
94.523121	7.0	3.0	80.0	-37.9402	35595100.0	975.0	2.0	1138.0	17.0	1150.0	3.0	15.0	0.0	1	vertical3	1
94.624262	7.0	3.0	80.0	-38.0492	36619800.0	975.0	9.0	1180.0	26.0	1170.0	5.0	16.0	0.0	1	vertical3	1
94.726168	7.0	3.0	80.0	-37.9022	37133000.0	975.0	1.0	1206.0	26.0	1193.0	5.0	13.0	0.0	1	vertical3	1
94.827393	7.0	3.0	80.0	-37.9198	36699700.0	975.0	11.0	1185.0	11.0	1194.0	10.0	4116.0	0.0	1	vertical3	1
94.928340	7.0	3.0	80.0	-38.0355	33200000.0	975.0	32.0	1069.0	26.0	1188.0	18.0	8262.0	0.0	1	vertical3	1
95.031061	7.0	3.0	80.0	-37.8464	34602100.0	975.0	22.0	1133.0	45.0	1145.0	7.0	4229.0	0.0	1	vertical3	1
95.132256	7.0	3.0	80.0	-37.8728	24394700.0	975.0	94.0	786.0	42.0	1057.0	6.0	4409.0	0.0	1	vertical3	1
95.232313	7.0	3.0	80.0	-37.9542	35648100.0	975.0	30.0	1136.0	29.0	1122.0	5.0	34.0	0.0	1	vertical3	1
95.332410	7.0	3.0	80.0	-38.0203	36971500.0	975.0	0.0	1180.0	4.0	1204.0	4.0	9.0	0.0	1	vertical3	1
95.432453	7.0	3.0	80.0	-37.9291	37133000.0	975.0	1.0	1185.0	13.0	1188.0	5.0	18.0	0.0	1	vertical3	1
95.532994	7.0	3.0	80.0	-37.9223	32174900.0	975.0	69.0	1030.0	81.0	1088.0	10.0	138.0	0.0	1	vertical3	1
95.633425	7.0	3.0	80.0	-37.9054	36330900.0	975.0	3.0	1163.0	29.0	1143.0	3.0	9.0	0.0	1	vertical3	1
95.734346	7.0	3.0	80.0	-37.8775	34797200.0	975.0	1.0	1118.0	1.0	1108.0	6.0	9.0	0.0	1	vertical3	1
95.834351	7.0	3.0	80.0	-37.9183	39523300.0	975.0	13.0	1261.0	65.0	1249.0	8.0	49.0	0.0	1	vertical3	1
95.935145	7.0	3.0	80.0	-37.8037	35357300.0	975.0	19.0	1136.0	78.0	1126.0	5.0	56.0	0.0	1	vertical3	1
96.035506	7.0	3.0	80.0	-37.9507	36736800.0	975.0	2.0	1177.0	25.0	1177.0	4.0	25.0	0.0	1	vertical3	1
96.136071	7.0	3.0	80.0	-37.7767	38802500.0	975.0	23.0	1245.0	31.0	1220.0	3.0	6.0	0.0	1	vertical3	1
96.236303	7.0	3.0	80.0	-37.9391	37501900.0	975.0	2.0	1198.0	45.0	1208.0	8.0	55.0	0.0	1	vertical3	1
96.337398	7.0	3.0	80.0	-38.0318	37104600.0	975.0	4.0	1196.0	26.0	1176.0	8.0	4103.0	0.0	1	vertical3	1
96.439645	7.0	3.0	80.0	-38.0085	35901200.0	975.0	13.0	1170.0	43.0	1154.0	5.0	4123.0	0.0	1	vertical3	1
96.540528	7.0	3.0	80.0	-38.0279	36760800.0	975.0	7.0	1182.0	32.0	1175.0	4.0	25.0	0.0	1	vertical3	1
96.640797	7.0	3.0	80.0	-38.0551	37503400.0	975.0	20.0	1198.0	22.0	1196.0	3.0	21.0	0.0	1	vertical3	1
96.741073	7.0	3.0	80.0	-37.9519	35100400.0	975.0	5.0	1122.0	60.0	1130.0	9.0	68.0	0.0	1	vertical3	1
96.841955	7.0	3.0	80.0	-37.849	38290300.0	975.0	1.0	1232.0	25.0	1212.0	2.0	23.0	0.0	1	vertical3	1
96.942066	7.0	3.0	80.0	-37.9561	36384500.0	975.0	8.0	1161.0	39.0	1179.0	5.0	39.0	0.0	1	vertical3	1
97.043367	7.0	3.0	80.0	-37.9561	34559000.0	975.0	20.0	1116.0	47.0	1126.0	7.0	75.0	0.0	1	vertical3	1
97.143705	7.0	3.0	80.0	-38.0008	36914100.0	975.0	2.0	1181.0	54.0	1195.0	5.0	4147.0	0.0	1	vertical3	1
97.243706	7.0	3.0	80.0	-37.8702	37477800.0	975.0	6.0	1194.0	54.0	1170.0	4.0	30.0	0.0	1	vertical3	1
97.344684	7.0	3.0	80.0	-37.9053	35388000.0	975.0	6.0	1141.0	69.0	1117.0	3.0	46.0	0.0	1	vertical3	1
97.444961	7.0	3.0	80.0	-37.8887	36292100.0	975.0	28.0	1159.0	81.0	1143.0	9.0	65.0	0.0	1	vertical3	1
97.545414	7.0	3.0	80.0	-37.872	36809800.0	975.0	3.0	1180.0	54.0	1178.0	4.0	52.0	0.0	1	vertical3	1
97.645575	7.0	3.0	80.0	-37.7848	37544700.0	975.0	0.0	1199.0	26.0	1171.0	13.0	4114.0	0.0	1	vertical3	1
97.745737	7.0	3.0	80.0	-37.974	38628000.0	975.0	3.0	1233.0	23.0	1237.0	7.0	4104.0	0.0	1	vertical3	1
97.846080	7.0	3.0	80.0	-37.9647	33727900.0	975.0	41.0	1078.0	80.0	1108.0	7.0	128.0	0.0	1	vertical3	1
97.947101	7.0	3.0	80.0	-37.9337	37956700.0	975.0	19.0	1222.0	78.0	1220.0	4.0	58.0	0.0	1	vertical3	1
98.047446	7.0	3.0	80.0	-37.9215	37082700.0	975.0	1.0	1185.0	6.0	1170.0	4.0	10.0	0.0	1	vertical3	1
98.148126	7.0	3.0	80.0	-37.898	39101000.0	975.0	8.0	1255.0	46.0	1267.0	5.0	40.0	0.0	1	vertical3	1
98.248127	7.0	3.0	80.0	-37.8443	36865200.0	975.0	0.0	1175.0	18.0	1167.0	2.0	13.0	0.0	1	vertical3	1
98.348798	7.0	3.0	80.0	-37.836	35510000.0	975.0	7.0	1140.0	43.0	1159.0	6.0	59.0	0.0	1	vertical3	1
98.449882	7.0	3.0	80.0	-38.0008	36813000.0	975.0	1.0	1187.0	26.0	1190.0	3.0	29.0	0.0	1	vertical3	1
98.550279	7.0	3.0	80.0	-37.8798	37425200.0	975.0	25.0	1198.0	47.0	1201.0	5.0	51.0	0.0	1	vertical3	1
98.650832	7.0	3.0	80.0	-37.9114	36975400.0	975.0	3.0	1185.0	10.0	1175.0	4.0	15.0	0.0	1	vertical3	1
98.751083	7.0	3.0	80.0	-37.8174	38907200.0	975.0	3.0	1243.0	41.0	1240.0	4.0	17.0	0.0	1	vertical3	1
98.851661	7.0	3.0	80.0	-38.0473	36981300.0	975.0	12.0	1185.0	16.0	1170.0	14.0	4122.0	0.0	1	vertical3	1
98.952631	7.0	3.0	80.0	-37.9309	35545000.0	975.0	11.0	1144.0	34.0	1220.0	5.0	4188.0	0.0	1	vertical3	1
99.053542	7.0	3.0	80.0	-37.9002	38964200.0	975.0	13.0	1253.0	87.0	1217.0	4.0	52.0	0.0	1	vertical3	1
99.153612	7.0	3.0	80.0	-38.0241	37703700.0	975.0	11.0	1202.0	53.0	1197.0	5.0	48.0	0.0	1	vertical3	1
99.253982	7.0	3.0	80.0	-37.8476	35867700.0	975.0	4.0	1148.0	38.0	1147.0	6.0	37.0	0.0	1	vertical3	1
99.354128	7.0	3.0	80.0	-38.0883	35868200.0	975.0	1.0	1144.0	27.0	1150.0	4.0	33.0	0.0	1	vertical3	1
99.455432	7.0	3.0	80.0	-37.8595	38287100.0	975.0	13.0	1238.0	14.0	1224.0	1.0	1.0	0.0	1	vertical3	1
99.556688	7.0	3.0	80.0	-37.7588	34170300.0	975.0	30.0	1103.0	38.0	1169.0	5.0	104.0	0.0	1	vertical3	1
99.657641	7.0	3.0	80.0	-37.935	35379100.0	975.0	4.0	1138.0	35.0	1167.0	9.0	64.0	0.0	1	vertical3	1
99.758150	7.0	3.0	80.0	-38.0155	38181400.0	975.0	1.0	1223.0	28.0	1222.0	3.0	28.0	0.0	1	vertical3	1
99.858761	7.0	3.0	80.0	-37.9217	35858800.0	975.0	0.0	1149.0	25.0	1150.0	3.0	26.0	0.0	1	vertical3	1
99.959049	7.0	3.0	80.0	-37.8784	37841100.0	975.0	1.0	1209.0	32.0	1194.0	7.0	35.0	0.0	1	vertical3	1
100.060064	7.0	3.0	80.0	-38.0156	35903900.0	975.0	18.0	1157.0	67.0	1158.0	10.0	50.0	0.0	1	vertical3	1
100.160306	7.0	3.0	80.0	-37.9778	38063800.0	975.0	0.0	1217.0	4.0	1217.0	2.0	5.0	0.0	1	vertical3	1
100.260750	7.0	3.0	80.0	-37.9428	35511900.0	975.0	4.0	1137.0	37.0	1154.0	11.0	54.0	0.0	1	vertical3	1
100.360761	7.0	3.0	80.0	-37.9119	37019300.0	975.0	5.0	1181.0	38.0	1174.0	13.0	4129.0	0.0	1	vertical3	1
100.461031	7.0	3.0	80.0	-37.9239	34946300.0	975.0	2.0	1117.0	35.0	1126.0	10.0	4140.0	0.0	1	vertical3	1
100.562082	7.0	3.0	80.0	-37.8554	36046500.0	975.0	1.0	1162.0	62.0	1168.0	13.0	68.0	0.0	1	vertical3	1
100.662085	7.0	3.0	80.0	-37.8797	37021500.0	975.0	1.0	1180.0	26.0	1175.0	3.0	26.0	0.0	1	vertical3	1
100.762132	7.0	3.0	80.0	-37.9459	36501700.0	975.0	6.0	1164.0	6.0	1175.0	7.0	13.0	0.0	1	vertical3	1
100.862878	7.0	3.0	80.0	-37.8694	35062100.0	975.0	0.0	1126.0	21.0	1126.0	2.0	22.0	0.0	1	vertical3	1
100.962881	7.0	3.0	80.0	-37.9876	38060300.0	975.0	15.0	1214.0	27.0	1179.0	6.0	9.0	0.0	1	vertical3	1
101.063689	7.0	3.0	80.0	-38.0819	36881300.0	975.0	12.0	1184.0	16.0	1192.0	3.0	7.0	0.0	1	vertical3	1
101.164801	7.0	3.0	80.0	-37.8185	37923100.0	975.0	1.0	1223.0	58.0	1201.0	4.0	37.0	0.0	1	vertical3	1
101.265245	7.0	3.0	80.0	-38.1245	35887900.0	975.0	2.0	1149.0	24.0	1151.0	3.0	26.0	0.0	1	vertical3	1
101.365253	7.0	3.0	80.0	-37.8697	37097900.0	975.0	3.0	1182.0	48.0	1143.0	3.0	26.0	0.0	1	vertical3	1
101.466787	7.0	3.0	80.0	-37.8943	33348700.0	975.0	7.0	1079.0	85.0	1130.0	8.0	119.0	0.0	1	vertical3	1
101.567504	7.0	3.0	80.0	-38.0178	36805400.0	975.0	11.0	1181.0	90.0	1151.0	9.0	4156.0	0.0	1	vertical3	1
101.667514	7.0	3.0	80.0	-37.9699	36499300.0	975.0	3.0	1163.0	3.0	1191.0	6.0	32.0	0.0	1	vertical3	1
101.768717	7.0	3.0	80.0	-37.9299	34033000.0	975.0	27.0	1098.0	48.0	1115.0	6.0	65.0	0.0	1	vertical3	1
101.868993	7.00089	3.0	80.0	-38.0018	35304400.0	975.173	15.0	1128.0	93.0	1142.0	9.0	107.0	0.0	1	vertical3	1
101.970189	7.0	3.0	80.0	-37.8608	35403300.0	975.0	14.0	1142.0	15.0	1136.0	4.0	10.0	0.0	1	vertical3	1
102.070537	7.0	3.0	80.0	-37.8445	37426300.0	975.0	9.0	1196.0	65.0	1170.0	6.0	57.0	0.0	1	vertical3	1
102.171258	7.0	3.0	80.0	-37.9156	39101400.0	975.0	10.0	1256.0	12.0	1272.0	4.0	10.0	0.0	1	vertical3	1
102.271822	7.0	3.0	80.0	-37.8975	39240100.0	975.0	6.0	1258.0	8.0	1254.0	6.0	4101.0	0.0	1	vertical3	1
102.373945	7.0	3.0	80.0	-37.8027	34528400.0	975.0	38.0	1125.0	66.0	1157.0	16.0	8290.0	0.0	1	vertical3	1
102.474088	7.0	3.0	80.0	-37.9032	37519500.0	975.0	11.0	1198.0	37.0	1171.0	3.0	27.0	0.0	1	vertical3	1
102.574110	7.0	3.0	80.0	-37.9417	29023700.0	975.0	52.0	926.0	11.0	1104.0	6.0	172.0	0.0	1	vertical3	1
102.674591	7.0	3.0	80.0	-37.979	29736000.0	975.0	39.0	952.0	65.0	1083.0	5.0	197.0	0.0	1	vertical3	1
102.775831	7.0	3.0	80.0	-37.8953	34906900.0	975.0	24.0	1127.0	21.0	1201.0	3.0	95.0	0.0	1	vertical3	1
102.876922	7.0	3.0	80.0	-37.8111	35657700.0	975.0	0.0	1149.0	54.0	1169.0	8.0	4170.0	0.0	1	vertical3	1
102.977594	7.0	3.0	80.0	-37.8428	35244800.0	975.0	4.0	1132.0	9.0	1133.0	5.0	11.0	0.0	1	vertical3	1
103.078576	7.0	3.0	80.0	-37.8271	37596700.0	975.0	21.0	1209.0	69.0	1168.0	7.0	27.0	0.0	1	vertical3	1
103.179895	7.0	3.0	80.0	-37.8584	35639800.0	975.0	2.0	1151.0	68.0	1151.0	6.0	69.0	0.0	1	vertical3	1
103.280419	7.0	3.0	80.0	-37.9869	38160300.0	975.0	2.0	1223.0	14.0	1217.0	7.0	4104.0	0.0	1	vertical3	1
103.380423	7.0	3.0	80.0	-38.1151	36204500.0	975.0	0.0	1156.0	27.0	1155.0	3.0	26.0	0.0	1	vertical3	1
103.481519	7.0	3.0	80.0	-37.8598	36963400.0	975.0	8.0	1191.0	26.0	1196.0	8.0	32.0	0.0	1	vertical3	1
103.582819	7.0	3.0	80.0	-37.9389	36997200.0	975.0	23.0	1194.0	37.0	1167.0	5.0	10.0	0.0	1	vertical3	1
103.683254	7.0	3.0	80.0	-37.7833	36752900.0	975.0	1.0	1177.0	23.0	1179.0	3.0	26.0	0.0	1	vertical3	1
103.783271	7.0	3.0	80.0	-37.896	36513100.0	975.0	3.0	1164.0	5.0	1151.0	2.0	6.0	0.0	1	vertical3	1
103.883614	7.0	3.0	80.0	-37.9991	35470000.0	975.0	18.0	1135.0	28.0	1145.0	3.0	24.0	0.0	1	vertical3	1
103.985888	7.0	3.0	80.0	-37.9111	36583600.0	975.0	2.0	1192.0	23.0	1202.0	4.0	30.0	0.0	1	vertical3	1
104.086173	7.0	3.0	80.0	-38.0876	37436400.0	975.0	1.0	1198.0	45.0	1196.0	6.0	4143.0	0.0	1	vertical3	1
104.186471	7.0	3.0	80.0	-37.8858	36975000.0	975.0	1.0	1182.0	54.0	1193.0	15.0	12353.0	0.0	1	vertical3	1
104.288344	7.0	3.0	80.0	-37.9061	33468700.0	975.0	47.0	1086.0	54.0	1123.0	6.0	90.0	0.0	1	vertical3	1
104.389680	7.0	3.0	80.0	-37.9104	36969300.0	975.0	4.0	1194.0	28.0	1177.0	5.0	13.0	0.0	1	vertical3	1
104.490549	7.0	3.0	80.0	-37.9665	36219600.0	975.0	10.0	1164.0	46.0	1155.0	5.0	4133.0	0.0	1	vertical3	1
104.590951	7.0	3.0	80.0	-38.0335	36389200.0	975.0	0.0	1165.0	2.0	1172.0	7.0	9.0	0.0	1	vertical3	1
104.691143	7.0	3.0	80.0	-37.9379	28251700.0	975.0	49.0	902.0	20.0	1037.0	8.0	154.0	0.0	1	vertical3	1
104.792362	7.0	3.0	80.0	-37.8927	30903100.0	975.0	32.0	997.0	82.0	1127.0	8.0	4310.0	0.0	1	vertical3	1
104.893697	7.0	3.0	80.0	-37.9452	37823700.0	975.0	8.0	1222.0	9.0	1216.0	3.0	3.0	0.0	1	vertical3	1
104.994718	7.0	3.0	80.0	-38.1307	35869400.0	975.0	5.0	1155.0	47.0	1160.0	6.0	52.0	0.0	1	vertical3	1
105.094727	7.0	3.0	80.0	-37.9726	36563500.0	975.0	0.0	1166.0	25.0	1164.0	4.0	4121.0	0.0	1	vertical3	1
105.195377	7.0	3.0	80.0	-38.0046	33704200.0	975.0	17.0	1082.0	18.0	1161.0	4.0	96.0	0.0	1	vertical3	1
105.295587	7.0	3.0	80.0	-37.9026	33741700.0	975.0	56.0	1078.0	28.0	1174.0	4.0	124.0	0.0	1	vertical3	1
105.398315	7.0	3.0	80.0	-37.8169	36911300.0	975.0	3.0	1207.0	16.0	1210.0	7.0	19.0	0.0	1	vertical3	1
105.498557	7.0	3.0	80.0	-37.9419	29633700.0	975.0	39.0	946.0	24.0	1107.0	2.0	24.0	0.0	1	vertical3	1
105.599030	7.0	3.0	80.0	-37.7869	33419200.0	975.0	40.0	1070.0	19.0	1116.0	5.0	218.0	0.0	1	vertical3	1
105.699129	7.0	3.0	80.0	-37.6561	36734300.0	975.0	7.0	1172.0	80.0	1167.0	9.0	101.0	0.0	1	vertical3	1
105.799130	7.0	3.0	80.0	-37.9541	38233900.0	975.0	10.0	1219.0	32.0	1215.0	1.0	21.0	0.0	1	vertical3	1
105.900963	7.0	3.0	80.0	-37.8798	35367400.0	975.0	7.0	1148.0	40.0	1154.0	4.0	37.0	0.0	1	vertical3	1
106.001710	7.0	3.0	80.0	-37.92	38949500.0	975.0	0.0	1250.0	45.0	1233.0	5.0	28.0	0.0	1	vertical3	1
106.101829	7.0	3.0	80.0	-37.9425	37622500.0	975.0	8.0	1200.0	10.0	1193.0	3.0	3.0	0.0	1	vertical3	1
106.202061	7.0	3.0	80.0	-37.9518	36340400.0	975.0	1.0	1161.0	12.0	1173.0	10.0	25.0	0.0	1	vertical3	1
106.302584	7.0	3.0	80.0	-37.9566	36720300.0	975.0	2.0	1176.0	7.0	1182.0	10.0	8205.0	0.0	1	vertical3	1
106.403288	7.0	3.0	80.0	-37.9065	36341200.0	975.0	1.0	1166.0	46.0	1171.0	6.0	51.0	0.0	1	vertical3	1
106.503789	7.0	3.0	80.0	-37.9439	36774700.0	975.0	3.0	1177.0	28.0	1169.0	10.0	21.0	0.0	1	vertical3	1
106.603978	7.0	3.0	80.0	-37.9082	37518000.0	975.0	0.0	1198.0	42.0	1157.0	1.0	1.0	0.0	1	vertical3	1
106.704430	7.0	3.0	80.0	-37.9053	35978600.0	975.0	41.0	1151.0	62.0	1186.0	6.0	4193.0	0.0	1	vertical3	1
106.804787	7.0	3.0	80.0	-37.759	37456100.0	975.0	10.0	1199.0	24.0	1206.0	7.0	4127.0	0.0	1	vertical3	1
106.905559	7.0	3.0	80.0	-37.9412	36036300.0	975.0	51.0	1157.0	36.0	1150.0	4.0	27.0	0.0	1	vertical3	1
107.006071	7.00935	3.0	80.0	-37.8162	10003300.0	976.822	150.0	321.0	14.0	896.0	3.0	592.0	0.0	1	vertical3	1
107.108718	7.0	3.0	80.0	-37.972	36053100.0	975.0	0.0	1180.0	44.0	1159.0	2.0	23.0	0.0	1	vertical3	1
107.208806	7.0	3.0	80.0	-37.8647	37274000.0	975.0	4.0	1190.0	29.0	1196.0	7.0	36.0	0.0	1	vertical3	1
107.310279	7.0	3.0	80.0	-37.9153	36903300.0	975.0	13.0	1193.0	59.0	1173.0	5.0	39.0	0.0	1	vertical3	1
107.410424	7.0	3.0	80.0	-37.9275	37127000.0	975.0	0.0	1186.0	23.0	1172.0	3.0	9.0	0.0	1	vertical3	1
107.512166	7.0	3.0	80.0	-37.9175	38105400.0	975.0	9.0	1236.0	49.0	1213.0	5.0	26.0	0.0	1	vertical3	1
107.613757	7.0	3.0	80.0	-37.8727	38099100.0	975.0	10.0	1233.0	47.0	1196.0	4.0	10.0	0.0	1	vertical3	1
107.713779	7.0	3.0	80.0	-37.8722	37503000.0	975.0	2.0	1197.0	7.0	1194.0	6.0	6.0	0.0	1	vertical3	1
107.815536	7.0	3.0	80.0	-38.008	34590100.0	975.0	14.0	1122.0	40.0	1133.0	8.0	4145.0	0.0	1	vertical3	1
107.915619	7.0	3.0	80.0	-38.0383	31111600.0	975.0	52.0	992.0	38.0	1156.0	8.0	221.0	0.0	1	vertical3	1
108.015765	7.0	3.0	80.0	-37.9652	37786300.0	975.0	5.0	1207.0	38.0	1219.0	7.0	33.0	0.0	1	vertical3	1
108.117202	7.0	3.0	80.0	-37.9983	36793200.0	975.0	7.0	1190.0	16.0	1216.0	8.0	42.0	0.0	1	vertical3	1
108.217715	7.0	3.0	80.0	-37.799	36317300.0	975.0	0.0	1164.0	40.0	1172.0	5.0	48.0	0.0	1	vertical3	1
108.317717	7.0	3.0	80.0	-37.8322	37557200.0	975.0	1.0	1198.0	37.0	1194.0	11.0	47.0	0.0	1	vertical3	1
108.418907	7.0	3.0	80.0	-37.9929	34768700.0	975.0	5.0	1122.0	42.0	1151.0	3.0	58.0	0.0	1	vertical3	1
108.519107	7.0	3.0	80.0	-37.868	33902200.0	975.0	1.0	1083.0	13.0	1134.0	12.0	64.0	0.0	1	vertical3	1
108.619114	7.0	3.0	80.0	-38.005	37287800.0	975.0	14.0	1189.0	40.0	1196.0	17.0	4159.0	0.0	1	vertical3	1
108.720556	7.0	3.0	80.0	-37.9046	37597500.0	975.0	0.0	1216.0	42.0	1216.0	6.0	4140.0	0.0	1	vertical3	1
108.821672	7.0	3.0	80.0	-38.0896	35292300.0	975.0	25.0	1139.0	44.0	1133.0	7.0	21.0	0.0	1	vertical3	1
108.923189	7.0	3.0	80.0	-37.9598	36082700.0	975.0	0.0	1168.0	63.0	1174.0	6.0	69.0	0.0	1	vertical3	1
109.025088	7.00352	3.0	79.1205	-38.0264	35020000.0	963.773	20.0	1137.0	20.0	1121.0	2.0	5.0	0.0	1	vertical3	1
109.125091	7.0	3.0	80.0	-37.9565	38218200.0	975.0	3.0	1219.0	3.0	1227.0	8.0	15.0	0.0	1	vertical3	1
109.226670	7.0	3.0	80.0	-37.8868	34914000.0	975.0	14.0	1131.0	76.0	1126.0	5.0	67.0	0.0	1	vertical3	1
109.326672	7.0	3.0	80.0	-37.9388	36393100.0	975.0	1.0	1161.0	13.0	1152.0	5.0	4102.0	0.0	1	vertical3	1
109.427246	7.0	3.0	80.0	-37.9263	36857700.0	975.0	2.0	1181.0	3.0	1173.0	8.0	4107.0	0.0	1	vertical3	1
109.528087	7.0	3.0	80.0	-37.912	36432700.0	975.0	15.0	1171.0	82.0	1190.0	7.0	84.0	0.0	1	vertical3	1
109.628091	7.00125	3.0	80.0	-37.8711	25063500.0	975.244	48.0	799.0	59.0	1060.0	7.0	4426.0	0.0	1	vertical3	1
109.728841	7.0	3.0	80.0	-38.0094	33046300.0	975.0	28.0	1062.0	80.0	1104.0	7.0	113.0	0.0	1	vertical3	1
109.829758	7.0172	3.0	79.312	-37.9459	37949200.0	967.518	6.0	1221.0	49.0	1225.0	7.0	53.0	0.0	1	vertical3	1
109.931105	7.0	3.0	80.0	-37.9102	22759700.0	975.0	86.0	735.0	50.0	1082.0	6.0	397.0	0.0	1	vertical3	1
110.031565	7.0	3.0	80.0	-37.884	37965400.0	975.0	1.0	1216.0	1.0	1221.0	4.0	7.0	0.0	1	vertical3	1
110.132711	7.0	3.0	80.0	-37.7061	37504700.0	975.0	3.0	1208.0	10.0	1216.0	10.0	18.0	0.0	1	vertical3	1
110.233559	7.0	3.0	80.0	-37.9605	29939800.0	975.0	70.0	962.0	22.0	1140.0	2.0	68.0	0.0	1	vertical3	1
110.334353	7.0	3.0	80.0	-37.8784	27676300.0	975.0	64.0	888.0	30.0	1065.0	6.0	355.0	0.0	1	vertical3	1
110.434863	7.0	3.0	80.0	-37.9087	37556800.0	975.0	23.0	1205.0	24.0	1203.0	3.0	6.0	0.0	1	vertical3	1
110.535612	7.0	3.0	80.0	-37.9426	37996500.0	975.0	7.0	1220.0	31.0	1214.0	3.0	26.0	0.0	1	vertical3	1
110.635784	7.0	3.0	80.0	-38.0075	37290700.0	975.0	5.0	1193.0	26.0	1176.0	6.0	9.0	0.0	1	vertical3	1
110.736090	7.0	3.0	80.0	-38.0292	37522200.0	975.0	2.0	1200.0	2.0	1199.0	3.0	4098.0	0.0	1	vertical3	1
110.836128	7.0	3.0	80.0	-37.9268	37260000.0	975.0	15.0	1188.0	38.0	1145.0	5.0	11.0	0.0	1	vertical3	1
110.937733	7.0	3.0	80.0	-37.9056	36638900.0	975.0	25.0	1186.0	29.0	1194.0	6.0	21.0	0.0	1	vertical3	1
111.039025	7.0	3.0	80.0	-37.8676	37202500.0	975.0	9.0	1201.0	52.0	1202.0	6.0	52.0	0.0	1	vertical3	1
111.139535	7.0	3.0	80.0	-37.9165	36600300.0	975.0	18.0	1173.0	74.0	1170.0	4.0	73.0	0.0	1	vertical3	1
111.239931	7.0	3.0	80.0	-38.1842	37457600.0	975.0	3.0	1200.0	45.0	1178.0	3.0	23.0	0.0	1	vertical3	1
111.341715	7.0	3.0	80.0	-37.9059	37362700.0	975.0	1.0	1212.0	47.0	1193.0	5.0	28.0	0.0	1	vertical3	1
111.444312	7.0	3.0	80.0	-37.9052	35441900.0	975.0	6.0	1160.0	29.0	1202.0	8.0	72.0	0.0	1	vertical3	1
111.545594	7.0	3.0	80.0	-38.0608	35155300.0	975.0	28.0	1134.0	35.0	1192.0	6.0	4189.0	0.0	1	vertical3	1
111.645626	7.0	3.0	80.0	-37.9409	37687600.0	975.0	5.0	1202.0	34.0	1153.0	2.0	2.0	0.0	1	vertical3	1
111.745653	7.0	3.0	80.0	-37.9335	32089100.0	975.0	21.0	1023.0	36.0	1143.0	9.0	4241.0	0.0	1	vertical3	1
111.845999	7.0	3.0	80.0	-37.862	32379600.0	975.0	18.0	1036.0	68.0	1114.0	14.0	141.0	0.0	1	vertical3	1
111.946053	7.0	3.0	80.0	-37.9278	36452600.0	975.0	2.0	1163.0	23.0	1164.0	4.0	24.0	0.0	1	vertical3	1
112.046721	7.0	3.0	80.0	-37.8353	36152200.0	975.0	1.0	1160.0	55.0	1114.0	6.0	4123.0	0.0	1	vertical3	1
112.148079	7.0	3.0	80.0	-37.9984	38545200.0	975.0	10.0	1246.0	41.0	1259.0	8.0	37.0	0.0	1	vertical3	1
112.249432	7.0	3.0	80.0	-37.9028	36606000.0	975.0	0.0	1183.0	11.0	1201.0	6.0	28.0	0.0	1	vertical3	1
112.350100	7.0	3.0	80.0	-38.0275	36229600.0	975.0	0.0	1162.0	77.0	1173.0	13.0	8298.0	0.0	1	vertical3	1
112.450167	7.0	3.0	80.0	-37.8511	36809900.0	975.0	1.0	1175.0	1.0	1197.0	7.0	4102.0	0.0	1	vertical3	1
112.551619	7.0	3.0	80.0	-37.8985	34709800.0	975.0	21.0	1123.0	74.0	1152.0	6.0	104.0	0.0	1	vertical3	1
112.651870	7.0	3.0	80.0	-38.0183	35893700.0	975.0	6.0	1147.0	20.0	1142.0	3.0	15.0	0.0	1	vertical3	1
112.752242	7.0	3.0	80.0	-37.9648	37262400.0	975.0	6.0	1193.0	8.0	1200.0	7.0	14.0	0.0	1	vertical3	1
112.852335	7.0	3.0	80.0	-38.0017	36721300.0	975.0	5.0	1172.0	28.0	1173.0	5.0	31.0	0.0	1	vertical3	1
112.953780	7.0	3.0	80.0	-37.8821	35704400.0	975.0	28.0	1154.0	56.0	1148.0	7.0	50.0	0.0	1	vertical3	1
113.056210	7.0	3.0	80.0	-38.0181	37174500.0	975.0	12.0	1215.0	16.0	1205.0	5.0	4102.0	0.0	1	vertical3	1
113.156593	7.0	3.0	80.0	-37.8257	35329500.0	975.0	10.0	1130.0	29.0	1173.0	7.0	90.0	0.0	1	vertical3	1
113.257195	7.00102	3.0	80.0	-37.9244	30514100.0	975.199	50.0	979.0	40.0	1126.0	6.0	170.0	0.0	1	vertical3	1
113.357201	7.0	3.0	80.0	-37.7048	32111900.0	975.0	17.0	1023.0	58.0	1060.0	8.0	96.0	0.0	1	vertical3	1
113.457677	7.0	3.0	80.0	-38.07	36080800.0	975.0	1.0	1157.0	44.0	1151.0	8.0	4133.0	0.0	1	vertical3	1
113.557916	7.0	3.0	80.0	-37.9372	36918300.0	975.0	1.0	1179.0	46.0	1172.0	11.0	40.0	0.0	1	vertical3	1
113.657996	7.0	3.0	80.0	-37.9048	37511800.0	975.0	3.0	1197.0	24.0	1180.0	3.0	23.0	0.0	1	vertical3	1
113.758969	7.00099	3.0	80.0	-37.7604	31383600.0	975.193	28.0	1010.0	2.0	1170.0	4.0	10.0	0.0	1	vertical3	1
113.860438	7.0	3.0	80.0	-38.0314	36408600.0	975.0	7.0	1177.0	69.0	1152.0	12.0	8372.0	0.0	1	vertical3	1
113.961091	7.0	3.0	80.0	-37.8285	37672100.0	975.0	1.0	1207.0	16.0	1189.0	5.0	4112.0	0.0	1	vertical3	1
114.062360	7.0	3.0	80.0	-37.9656	37832400.0	975.0	14.0	1221.0	29.0	1238.0	9.0	8220.0	0.0	1	vertical3	1
114.163498	7.0	3.0	80.0	-38.0347	35704500.0	975.0	0.0	1152.0	24.0	1155.0	5.0	28.0	0.0	1	vertical3	1
114.263798	7.0	3.0	80.0	-37.8682	37462200.0	975.0	3.0	1199.0	28.0	1198.0	7.0	4124.0	0.0	1	vertical3	1
114.364030	7.0	3.0	80.0	-37.9355	36387800.0	975.0	14.0	1163.0	15.0	1156.0	3.0	8.0	0.0	1	vertical3	1
114.465385	7.0	3.0	80.0	-37.9842	37211100.0	975.0	0.0	1202.0	2.0	1211.0	13.0	4108.0	0.0	1	vertical3	1
114.566523	7.0	3.0	80.0	-37.8301	36684300.0	975.0	18.0	1183.0	46.0	1174.0	13.0	4133.0	0.0	1	vertical3	1
114.667392	7.0	3.0	80.0	-37.8342	37312200.0	975.0	6.0	1200.0	6.0	1199.0	5.0	6.0	0.0	1	vertical3	1
114.771728	7.0	3.0	80.0	-37.9289	30069000.0	975.0	40.0	999.0	25.0	1122.0	7.0	148.0	0.0	1	vertical3	1
114.873249	7.0	3.0	80.0	-37.9633	34499400.0	975.0	38.0	1116.0	18.0	1254.0	5.0	52.0	0.0	1	vertical3	1
114.974690	7.0	3.0	80.0	-37.9782	29812100.0	975.0	45.0	964.0	60.0	1073.0	6.0	211.0	0.0	1	vertical3	1
115.075178	7.00596	3.0	80.0	-37.9483	15689600.0	976.163	137.0	503.0	78.0	906.0	10.0	8736.0	0.0	1	vertical3	1
115.176849	7.0	3.0	80.0	-37.9909	37234500.0	975.0	4.0	1207.0	5.0	1195.0	5.0	11.0	0.0	1	vertical3	1
115.277544	7.0	3.0	80.0	-37.9744	37705300.0	975.0	1.0	1211.0	39.0	1222.0	4.0	32.0	0.0	1	vertical3	1
115.377702	7.0	3.0	80.0	-37.8525	36713500.0	975.0	4.0	1173.0	29.0	1172.0	6.0	29.0	0.0	1	vertical3	1
115.478412	7.0	3.0	80.0	-38.1748	34888000.0	975.0	0.0	1121.0	11.0	1155.0	12.0	45.0	0.0	1	vertical3	1
115.578908	7.0	3.0	80.0	-37.9002	35054400.0	975.0	20.0	1122.0	29.0	1150.0	5.0	57.0	0.0	1	vertical3	1
115.679102	7.0	3.0	80.0	-37.9173	28398800.0	975.0	57.0	907.0	42.0	1146.0	5.0	280.0	0.0	1	vertical3	1
115.779106	7.0	3.0	80.0	-37.8746	30255900.0	975.0	69.0	965.0	80.0	1062.0	14.0	4283.0	0.0	1	vertical3	1
115.880361	7.0	3.0	80.0	-38.1077	35103300.0	975.0	15.0	1133.0	20.0	1172.0	3.0	51.0	0.0	1	vertical3	1
115.981001	7.0	3.0	80.0	-37.8697	36614700.0	975.0	22.0	1174.0	25.0	1195.0	10.0	46.0	0.0	1	vertical3	1
116.081245	7.0	3.0	80.0	-37.8897	37435400.0	975.0	1.0	1197.0	1.0	1196.0	3.0	4097.0	0.0	1	vertical3	1
116.182807	7.0	3.0	80.0	-37.9794	36065700.0	975.0	4.0	1167.0	43.0	1179.0	8.0	55.0	0.0	1	vertical3	1
116.283559	7.00185	3.0	80.0	-37.8823	33622200.0	975.361	19.0	1079.0	42.0	1128.0	7.0	4187.0	0.0	1	vertical3	1
116.383589	7.0	3.0	80.0	-38.114	32465700.0	975.0	56.0	1035.0	59.0	1128.0	5.0	170.0	0.0	1	vertical3	1
116.483692	7.0	3.0	80.0	-37.9421	36780400.0	975.0	4.0	1174.0	25.0	1173.0	5.0	25.0	0.0	1	vertical3	1
116.584921	7.0	3.0	80.0	-37.9666	36231400.0	975.0	6.0	1169.0	7.0	1196.0	9.0	16.0	0.0	1	vertical3	1
116.685665	7.0	3.0	80.0	-37.9578	37669100.0	975.0	1.0	1208.0	31.0	1208.0	3.0	31.0	0.0	1	vertical3	1
116.785792	7.0	3.0	80.0	-37.7934	34981100.0	975.0	12.0	1118.0	10.0	1159.0	4.0	52.0	0.0	1	vertical3	1
116.886512	7.0	3.0	80.0	-37.9096	36555000.0	975.0	2.0	1173.0	6.0	1191.0	12.0	24.0	0.0	1	vertical3	1
116.987135	7.0	3.0	80.0	-37.9043	38168700.0	975.0	14.0	1223.0	58.0	1192.0	6.0	27.0	0.0	1	vertical3	1
117.089672	7.0	3.0	80.0	-38.0233	30168300.0	975.0	46.0	986.0	53.0	1133.0	6.0	200.0	0.0	1	vertical3	1
117.191163	7.0	3.0	80.0	-37.977	37518300.0	975.0	14.0	1215.0	31.0	1201.0	6.0	4114.0	0.0	1	vertical3	1
117.292736	7.0	3.0	80.0	-37.8566	37673100.0	975.0	9.0	1220.0	11.0	1210.0	1.0	1.0	0.0	1	vertical3	1
117.393492	7.0	3.0	80.0	-38.0225	35901600.0	975.0	1.0	1153.0	2.0	1160.0	3.0	9.0	0.0	1	vertical3	1
117.494296	7.0	3.0	80.0	-37.8345	36462400.0	975.0	5.0	1172.0	9.0	1187.0	4.0	25.0	0.0	1	vertical3	1
117.594717	7.0	3.0	80.0	-37.8234	36272200.0	975.0	24.0	1161.0	64.0	1114.0	2.0	17.0	0.0	1	vertical3	1
117.696207	7.0	3.0	80.0	-37.9798	36664900.0	975.0	0.0	1186.0	25.0	1196.0	7.0	35.0	0.0	1	vertical3	1
117.798473	7.0	3.0	80.0	-38.0168	36541000.0	975.0	1.0	1191.0	5.0	1190.0	1.0	4.0	0.0	1	vertical3	1
117.899167	7.0	3.0	80.0	-38.1173	35002600.0	975.0	46.0	1125.0	16.0	1156.0	7.0	4144.0	0.0	1	vertical3	1
117.999441	7.0	3.0	80.0	-37.8402	38018900.0	975.0	3.0	1214.0	24.0	1234.0	6.0	44.0	0.0	1	vertical3	1
118.100735	7.0	3.0	80.0	-37.8526	37217100.0	975.0	12.0	1201.0	65.0	1194.0	5.0	58.0	0.0	1	vertical3	1
118.200835	7.0	3.0	80.0	-37.9111	36940400.0	975.0	5.0	1181.0	26.0	1184.0	6.0	30.0	0.0	1	vertical3	1
118.300945	7.0	3.0	80.0	-37.9797	37139200.0	975.0	4.0	1185.0	4.0	1196.0	7.0	15.0	0.0	1	vertical3	1
118.401901	7.0	3.0	80.0	-37.8946	36016700.0	975.0	1.0	1158.0	26.0	1173.0	10.0	4137.0	0.0	1	vertical3	1
118.502175	7.0	3.0	80.0	-37.9007	36858400.0	975.0	1.0	1178.0	1.0	1186.0	6.0	11.0	0.0	1	vertical3	1
118.603101	7.0	3.0	80.0	-37.833	35935100.0	975.0	10.0	1156.0	54.0	1153.0	4.0	51.0	0.0	1	vertical3	1
118.704447	7.00101	3.0	80.0	-37.8452	30817100.0	975.196	40.0	995.0	23.0	1131.0	4.0	159.0	0.0	1	vertical3	1
118.805093	7.0	3.0	80.0	-37.9896	35848600.0	975.0	3.0	1152.0	7.0	1156.0	7.0	11.0	0.0	1	vertical3	1
118.905094	7.0	3.0	80.0	-37.9065	38233900.0	975.0	6.0	1219.0	17.0	1197.0	4.0	14.0	0.0	1	vertical3	1
119.005397	7.0	3.0	80.0	-37.9041	23782000.0	975.0	65.0	761.0	32.0	1076.0	5.0	329.0	0.0	1	vertical3	1
119.105572	7.0	3.0	80.0	-37.9426	37037600.0	975.0	0.0	1184.0	0.0	1199.0	4.0	15.0	0.0	1	vertical3	1
119.205956	7.00087	3.0	80.0	-37.9354	35799100.0	975.17	14.0	1145.0	39.0	1134.0	4.0	28.0	0.0	1	vertical3	1
119.306233	7.0	3.0	80.0	-37.8618	37563800.0	975.0	0.0	1201.0	11.0	1209.0	8.0	20.0	0.0	1	vertical3	1
119.407360	7.0	3.0	80.0	-38.0366	37249400.0	975.0	1.0	1202.0	2.0	1205.0	2.0	5.0	0.0	1	vertical3	1
119.508225	7.0	3.0	80.0	-38.0505	36316300.0	975.0	3.0	1169.0	35.0	1172.0	5.0	38.0	0.0	1	vertical3	1
119.609510	7.0	3.0	80.0	-37.9635	32249700.0	975.0	62.0	1041.0	35.0	1145.0	6.0	140.0	0.0	1	vertical3	1
119.710440	7.0	3.0	80.0	-37.885	30789300.0	975.0	19.0	991.0	20.0	1161.0	4.0	190.0	0.0	1	vertical3	1
119.810680	7.0	3.0	80.0	-37.9224	39916100.0	975.0	0.0	1275.0	0.0	1277.0	2.0	2.0	0.0	1	vertical3	1
119.911432	7.0	3.0	80.0	-37.8148	34965900.0	975.0	23.0	1123.0	19.0	1135.0	6.0	32.0	0.0	1	vertical3	1
120.012040	7.0	3.0	80.0	-37.8708	33546100.0	975.0	1.0	1076.0	86.0	1058.0	5.0	68.0	0.0	1	vertical3	1
120.114395	7.0	3.0	80.0	-37.8537	35802500.0	975.0	14.0	1169.0	33.0	1157.0	5.0	21.0	0.0	1	vertical3	1
120.215055	7.00102	3.0	80.0	-37.9448	30511300.0	975.199	42.0	978.0	32.0	1148.0	5.0	202.0	0.0	1	vertical3	1
120.315099	7.0	3.0	80.0	-37.9066	34930300.0	975.0	2.0	1114.0	42.0	1169.0	12.0	54.0	0.0	1	vertical3	1
120.415632	7.00106	3.0	80.0	-38.0085	29408000.0	975.207	21.0	942.0	46.0	1088.0	6.0	236.0	0.0	1	vertical3	1
120.515967	7.0	3.0	80.0	-37.9041	35565900.0	975.0	3.0	1137.0	52.0	1134.0	4.0	49.0	0.0	1	vertical3	1
120.618814	7.0	3.0	80.0	-37.9846	35524700.0	975.0	2.0	1166.0	2.0	1169.0	2.0	5.0	0.0	1	vertical3	1
120.718817	7.0	3.0	80.0	-37.9438	40168700.0	975.0	0.0	1281.0	4.0	1286.0	3.0	9.0	0.0	1	vertical3	1
120.818818	7.0	3.0	80.0	-37.8288	36155800.0	975.0	3.0	1151.0	25.0	1148.0	2.0	25.0	0.0	1	vertical3	1
120.920683	7.0	3.0	80.0	-38.105	38136400.0	975.0	0.0	1238.0	21.0	1220.0	1.0	1.0	0.0	1	vertical3	1
121.021024	7.0	3.0	80.0	-37.9254	36880600.0	975.0	11.0	1179.0	40.0	1168.0	4.0	30.0	0.0	1	vertical3	1
121.121310	7.0	3.0	80.0	-38.0566	38126400.0	975.0	0.0	1220.0	21.0	1221.0	2.0	22.0	0.0	1	vertical3	1
121.221328	7.0	3.0	80.0	-37.9597	35804200.0	975.0	1.0	1141.0	34.0	1152.0	11.0	4141.0	0.0	1	vertical3	1
121.322717	7.0	3.0	80.0	-38.01	36997800.0	975.0	3.0	1197.0	24.0	1219.0	7.0	47.0	0.0	1	vertical3	1
121.423480	7.00088	3.0	80.0	-37.9465	35554600.0	975.171	10.0	1141.0	46.0	1216.0	10.0	4217.0	0.0	1	vertical3	1
121.523482	7.0	3.0	80.0	-37.8573	36517400.0	975.0	2.0	1163.0	35.0	1165.0	6.0	38.0	0.0	1	vertical3	1
121.623523	7.0	3.0	80.0	-37.9298	37512100.0	975.0	2.0	1197.0	3.0	1185.0	4.0	7.0	0.0	1	vertical3	1
121.724274	7.0	3.0	80.0	-38.0076	36795500.0	975.0	5.0	1184.0	38.0	1200.0	3.0	33.0	0.0	1	vertical3	1
121.825614	7.0	3.0	80.0	-37.9212	35741400.0	975.0	0.0	1155.0	24.0	1143.0	7.0	35.0	0.0	1	vertical3	1
121.925618	7.0	3.0	80.0	-38.0125	37761100.0	975.0	0.0	1204.0	11.0	1214.0	2.0	2.0	0.0	1	vertical3	1
122.025806	7.0012	3.0	80.0	-37.8337	25991400.0	975.235	69.0	830.0	3.0	1142.0	8.0	2294.0	0.0	1	vertical3	1
122.125852	7.0	3.0	80.0	-37.8106	35402100.0	975.0	10.0	1130.0	29.0	1143.0	7.0	2161.0	0.0	1	vertical3	1
122.226985	7.0	3.0	80.0	-37.9374	37183900.0	975.0	7.0	1199.0	21.0	1192.0	2.0	14.0	0.0	1	vertical3	1
122.327825	7.00093	3.0	80.0	-37.9248	33515500.0	975.181	32.0	1077.0	33.0	1134.0	3.0	4186.0	0.0	1	vertical3	1
122.429039	7.0	3.0	80.0	-37.8339	36765000.0	975.0	1.0	1186.0	23.0	1193.0	5.0	31.0	0.0	1	vertical3	1
122.529369	7.0	3.0	80.0	-38.039	38469100.0	975.0	1.0	1230.0	26.0	1235.0	8.0	31.0	0.0	1	vertical3	1
122.629923	7.0	3.0	80.0	-37.9814	35114200.0	975.0	9.0	1127.0	12.0	1163.0	6.0	48.0	0.0	1	vertical3	1
122.730953	7.0	3.0	80.0	-38.0	16664300.0	975.0	63.0	537.0	19.0	1029.0	3.0	402.0	0.0	1	vertical3	1
122.830956	7.0	3.0	80.0	-38.0395	28618500.0	975.0	27.0	911.0	38.0	1147.0	4.0	385.0	0.0	1	vertical3	1
122.930965	7.0	3.0	80.0	-37.9518	37051500.0	975.0	8.0	1182.0	9.0	1182.0	5.0	4114.0	0.0	1	vertical3	1
123.031680	7.0	3.0	80.0	-38.0148	35666900.0	975.0	4.0	1146.0	25.0	1171.0	7.0	40.0	0.0	1	vertical3	1
123.132198	7.0	3.0	80.0	-37.7853	34326900.0	975.0	28.0	1099.0	18.0	1172.0	7.0	4188.0	0.0	1	vertical3	1
123.232726	7.00087	3.0	80.0	-37.8882	35702100.0	975.17	20.0	1145.0	59.0	1179.0	8.0	93.0	0.0	1	vertical3	1
123.335120	7.0	3.0	80.0	-37.9984	37770000.0	975.0	16.0	1232.0	49.0	1194.0	3.0	11.0	0.0	1	vertical3	1
123.436048	7.0	3.0	80.0	-37.9682	37149700.0	975.0	11.0	1195.0	13.0	1189.0	5.0	8.0	0.0	1	vertical3	1
123.537221	7.0	3.0	80.0	-37.8613	37121900.0	975.0	0.0	1197.0	4.0	1205.0	10.0	8204.0	0.0	1	vertical3	1
123.638308	7.0	3.0	80.0	-38.0255	37792200.0	975.0	2.0	1218.0	2.0	1216.0	0.0	0.0	0.0	1	vertical3	1
123.739433	7.0	3.0	80.0	-38.1101	36036200.0	975.0	3.0	1163.0	45.0	1130.0	7.0	4108.0	0.0	1	vertical3	1
123.839507	7.0	3.0	80.0	-37.9411	38331900.0	975.0	0.0	1223.0	53.0	1191.0	8.0	38.0	0.0	1	vertical3	1
123.940753	7.0	3.0	80.0	-37.9868	37438500.0	975.0	2.0	1210.0	6.0	1226.0	3.0	6.0	0.0	1	vertical3	1
124.042062	7.0	3.0	80.0	-37.8385	36809000.0	975.0	0.0	1189.0	63.0	1198.0	10.0	4168.0	0.0	1	vertical3	1
124.142255	7.0	3.0	80.0	-37.9252	35993400.0	975.0	1.0	1150.0	47.0	1133.0	4.0	47.0	0.0	1	vertical3	1
124.394817	7.0	3.0	80.0	-37.7879	11313100.0	975.0	0.0	910.0	53.0	918.0	5.0	2200.0	0.0	1	vertical3	1
124.495493	7.0	3.0	80.0	-37.8128	36946100.0	975.0	9.0	1186.0	19.0	3356.0	10.0	35.0	0.0	1	vertical3	1
124.596509	7.0	3.0	80.0	-37.8914	36277300.0	975.0	2.0	1169.0	2.0	1175.0	5.0	8.0	0.0	1	vertical3	1
124.698718	7.0	3.0	80.0	-37.9693	36052600.0	975.0	14.0	1174.0	31.0	1174.0	12.0	31.0	0.0	1	vertical3	1
124.799423	7.0	3.0	80.0	-37.8952	38372000.0	975.0	2.0	1231.0	22.0	1245.0	10.0	36.0	0.0	1	vertical3	1
124.899568	7.00227	3.0	80.0	-37.8311	27620900.0	975.442	27.0	882.0	30.0	1169.0	5.0	205.0	0.0	1	vertical3	1
125.001038	7.0	3.0	80.0	-37.8726	34485500.0	975.0	19.0	1115.0	48.0	1199.0	8.0	245.0	0.0	1	vertical3	1
125.101045	7.0	3.0	80.0	-37.958	36641900.0	975.0	5.0	1167.0	58.0	1192.0	8.0	82.0	0.0	1	vertical3	1
125.201450	7.0	3.0	80.0	-37.9465	35619500.0	975.0	0.0	1140.0	36.0	1147.0	9.0	45.0	0.0	1	vertical3	1
125.301729	7.0	3.0	80.0	-37.8157	37469800.0	975.0	0.0	1199.0	21.0	1178.0	2.0	4096.0	0.0	1	vertical3	1
125.402748	7.0	3.0	80.0	-37.787	29157400.0	975.0	39.0	939.0	49.0	1108.0	12.0	218.0	0.0	1	vertical3	1
125.504635	7.0	3.0	80.0	-37.8462	36615700.0	975.0	1.0	1190.0	11.0	1194.0	7.0	4110.0	0.0	1	vertical3	1
125.606433	7.0	3.0	80.0	-37.9081	30865600.0	975.0	69.0	1001.0	39.0	1156.0	5.0	9.0	0.0	1	vertical3	1
125.707451	7.0	3.0	80.0	-37.8554	35668000.0	975.0	11.0	1148.0	30.0	1152.0	6.0	221.0	0.0	1	vertical3	1
125.808681	7.0	3.0	80.0	-37.7978	36043700.0	975.0	4.0	1162.0	24.0	1162.0	3.0	24.0	0.0	1	vertical3	1
125.909590	7.0	3.0	80.0	-37.9713	34615700.0	975.0	15.0	1114.0	71.0	1116.0	9.0	4170.0	0.0	1	vertical3	1
126.010386	7.0	3.0	80.0	-37.9685	35547100.0	975.0	0.0	1143.0	11.0	1146.0	4.0	14.0	0.0	1	vertical3	1
126.111817	7.0	3.0	80.0	-38.0119	36345800.0	975.0	7.0	1176.0	29.0	1176.0	6.0	29.0	0.0	1	vertical3	1
126.211907	7.0	3.0	80.0	-38.016	37130600.0	975.0	8.0	1184.0	7.0	1196.0	20.0	8211.0	0.0	1	vertical3	1
126.312315	7.0	3.0	80.0	-37.9249	36636800.0	975.0	2.0	1172.0	2.0	1176.0	6.0	4103.0	0.0	1	vertical3	1
126.413141	7.0	3.0	80.0	-37.969	37063600.0	975.0	0.0	1192.0	34.0	1192.0	11.0	4130.0	0.0	1	vertical3	1
126.513157	7.0	3.0	80.0	-38.0493	38196700.0	975.0	1.0	1218.0	22.0	1216.0	1.0	21.0	0.0	1	vertical3	1
126.613887	7.0	3.0	80.0	-37.9885	35364300.0	975.0	2.0	1135.0	35.0	1133.0	7.0	33.0	0.0	1	vertical3	1
126.714608	7.0	3.0	80.0	-38.06	36928100.0	975.0	14.0	1184.0	31.0	1187.0	5.0	34.0	0.0	1	vertical3	1
126.817004	7.0	3.0	80.0	-37.9257	37478600.0	975.0	0.0	1224.0	32.0	1206.0	4.0	14.0	0.0	1	vertical3	1
126.919717	7.0	3.0	80.0	-38.0	3990260.0	975.0	0.0	132.0	0.0	138.0	1.0	4.0	0.0	1	vertical3	1
127.061758	7.0	3.0	80.0	-38.5	3590.5	975.0	0.0	2.0	0.0	2.0	1.0	1.0	0.0	1	vertical3	1
##	74620.0	1265440.0	0.058968											1	vertical3	1
